0.0,-0.0
0.5263157894736842,-0.02924902662663628
1.0526315789473684,-0.10968302408516242
1.5789473684210527,0.006669511682896908
2.1052631578947367,0.6861690130208582
2.631578947368421,0.6750055595373718
3.157894736842105,-0.02182821511793418
3.684210526315789,-0.6822558520076731
4.2105263157894735,-0.6398536172968746
4.7368421052631575,0.0222177102153245
5.263157894736842,0.20876350040069216
5.789473684210526,0.198764369247078
6.31578947368421,-0.014820886876620587
6.842105263157894,-0.11711544582036755
7.368421052631578,-0.06614473229176442
7.894736842105262,0.007769446690794206
8.421052631578947,0.08234244016117113
8.947368421052632,0.045154823991014614
9.473684210526317,-0.0031981219804050054
10.0,-0.02587018805843308
