-3.0,-3.0,0.4
-3.0,-1.5,0.6037735849056604
-3.0,0.0,0.7272727272727273
-3.0,1.5,0.6037735849056604
-3.0,3.0,0.4
-1.5,-3.0,0.6037735849056604
-1.5,-1.5,1.2307692307692308
-1.5,0.0,1.8823529411764706
-1.5,1.5,1.2307692307692308
-1.5,3.0,0.6037735849056604
0.0,-3.0,0.7272727272727273
0.0,-1.5,1.8823529411764706
0.0,0.0,4.0
0.0,1.5,1.8823529411764706
0.0,3.0,0.7272727272727273
1.5,-3.0,0.6037735849056604
1.5,-1.5,1.2307692307692308
1.5,0.0,1.8823529411764706
1.5,1.5,1.2307692307692308
1.5,3.0,0.6037735849056604
3.0,-3.0,0.4
3.0,-1.5,0.6037735849056604
3.0,0.0,0.7272727272727273
3.0,1.5,0.6037735849056604
3.0,3.0,0.4
