-3.0,-3.0,-12.899999999999999
-3.0,-1.5,-2.5875000000000004
-3.0,0.0,-2.4000000000000004
-3.0,1.5,-2.2125000000000004
-3.0,3.0,8.1
-1.5,-3.0,-9.675
-1.5,-1.5,0.6375000000000002
-1.5,0.0,0.825
-1.5,1.5,1.0125
-1.5,3.0,11.325
0.0,-3.0,-10.5
0.0,-1.5,-0.1875
0.0,0.0,0.0
0.0,1.5,0.1875
0.0,3.0,10.5
1.5,-3.0,-11.325
1.5,-1.5,-1.0125
1.5,0.0,-0.825
1.5,1.5,-0.6375000000000002
1.5,3.0,9.675
3.0,-3.0,-8.1
3.0,-1.5,2.2125000000000004
3.0,0.0,2.4000000000000004
3.0,1.5,2.5875000000000004
3.0,3.0,12.899999999999999
