-1.0,-1.0,1.0,2.727272727272727
-1.0,-1.0,1.3333333333333333,3.6363636363636362
-1.0,-1.0,1.6666666666666665,4.545454545454545
-1.0,-1.0,1.9999999999999998,5.454545454545454
-1.0,-0.33333333333333337,1.0,24.54545454545454
-1.0,-0.33333333333333337,1.3333333333333333,32.72727272727272
-1.0,-0.33333333333333337,1.6666666666666665,40.90909090909089
-1.0,-0.33333333333333337,1.9999999999999998,49.09090909090907
-1.0,0.33333333333333326,1.0,24.545454545454557
-1.0,0.33333333333333326,1.3333333333333333,32.72727272727274
-1.0,0.33333333333333326,1.6666666666666665,40.90909090909092
-1.0,0.33333333333333326,1.9999999999999998,49.09090909090911
-1.0,0.9999999999999999,1.0,2.7272727272727275
-1.0,0.9999999999999999,1.3333333333333333,3.636363636363637
-1.0,0.9999999999999999,1.6666666666666665,4.545454545454546
-1.0,0.9999999999999999,1.9999999999999998,5.454545454545455
-0.33333333333333337,-1.0,1.0,0.9677419354838711
-0.33333333333333337,-1.0,1.3333333333333333,1.2903225806451615
-0.33333333333333337,-1.0,1.6666666666666665,1.6129032258064517
-0.33333333333333337,-1.0,1.9999999999999998,1.9354838709677418
-0.33333333333333337,-0.33333333333333337,1.0,8.709677419354838
-0.33333333333333337,-0.33333333333333337,1.3333333333333333,11.612903225806452
-0.33333333333333337,-0.33333333333333337,1.6666666666666665,14.516129032258062
-0.33333333333333337,-0.33333333333333337,1.9999999999999998,17.419354838709673
-0.33333333333333337,0.33333333333333326,1.0,8.709677419354843
-0.33333333333333337,0.33333333333333326,1.3333333333333333,11.612903225806459
-0.33333333333333337,0.33333333333333326,1.6666666666666665,14.516129032258071
-0.33333333333333337,0.33333333333333326,1.9999999999999998,17.419354838709683
-0.33333333333333337,0.9999999999999999,1.0,0.9677419354838712
-0.33333333333333337,0.9999999999999999,1.3333333333333333,1.2903225806451617
-0.33333333333333337,0.9999999999999999,1.6666666666666665,1.612903225806452
-0.33333333333333337,0.9999999999999999,1.9999999999999998,1.9354838709677422
0.33333333333333326,-1.0,1.0,-1.0344827586206895
0.33333333333333326,-1.0,1.3333333333333333,-1.379310344827586
0.33333333333333326,-1.0,1.6666666666666665,-1.7241379310344822
0.33333333333333326,-1.0,1.9999999999999998,-2.0689655172413786
0.33333333333333326,-0.33333333333333337,1.0,-9.310344827586205
0.33333333333333326,-0.33333333333333337,1.3333333333333333,-12.413793103448272
0.33333333333333326,-0.33333333333333337,1.6666666666666665,-15.517241379310338
0.33333333333333326,-0.33333333333333337,1.9999999999999998,-18.620689655172406
0.33333333333333326,0.33333333333333326,1.0,-9.31034482758621
0.33333333333333326,0.33333333333333326,1.3333333333333333,-12.41379310344828
0.33333333333333326,0.33333333333333326,1.6666666666666665,-15.517241379310347
0.33333333333333326,0.33333333333333326,1.9999999999999998,-18.620689655172416
0.33333333333333326,0.9999999999999999,1.0,-1.0344827586206897
0.33333333333333326,0.9999999999999999,1.3333333333333333,-1.3793103448275863
0.33333333333333326,0.9999999999999999,1.6666666666666665,-1.7241379310344827
0.33333333333333326,0.9999999999999999,1.9999999999999998,-2.068965517241379
0.9999999999999999,-1.0,1.0,-3.333333333333333
0.9999999999999999,-1.0,1.3333333333333333,-4.444444444444444
0.9999999999999999,-1.0,1.6666666666666665,-5.5555555555555545
0.9999999999999999,-1.0,1.9999999999999998,-6.666666666666665
0.9999999999999999,-0.33333333333333337,1.0,-29.99999999999999
0.9999999999999999,-0.33333333333333337,1.3333333333333333,-39.999999999999986
0.9999999999999999,-0.33333333333333337,1.6666666666666665,-49.99999999999998
0.9999999999999999,-0.33333333333333337,1.9999999999999998,-59.99999999999997
0.9999999999999999,0.33333333333333326,1.0,-30.00000000000001
0.9999999999999999,0.33333333333333326,1.3333333333333333,-40.000000000000014
0.9999999999999999,0.33333333333333326,1.6666666666666665,-50.000000000000014
0.9999999999999999,0.33333333333333326,1.9999999999999998,-60.000000000000014
0.9999999999999999,0.9999999999999999,1.0,-3.3333333333333335
0.9999999999999999,0.9999999999999999,1.3333333333333333,-4.444444444444445
0.9999999999999999,0.9999999999999999,1.6666666666666665,-5.555555555555556
0.9999999999999999,0.9999999999999999,1.9999999999999998,-6.666666666666666
