-1.0,-7.347880794884119E-17
-0.8947368421052632,-0.16486762287985826
-0.7894736842105263,-0.22959479982773615
-0.6842105263157895,-0.18797452494498545
-0.5789473684210527,-0.08266454721170224
-0.4736842105263158,0.023389757566209573
-0.368421052631579,0.08131685328492506
-0.26315789473684215,0.07867772313210553
-0.1578947368421053,0.039655254233488216
-0.052631578947368474,0.005126833724284486
0.05263157894736836,0.005126833724284466
0.1578947368421052,0.03965525423348817
0.26315789473684204,0.0786777231321055
0.36842105263157887,0.08131685328492509
0.4736842105263157,0.023389757566209632
0.5789473684210525,-0.08266454721170215
0.6842105263157894,-0.18797452494498543
0.7894736842105262,-0.22959479982773612
0.894736842105263,-0.16486762287985843
0.9999999999999999,-3.399323338588787E-16
