-3.0,-3.0,0.8382464945967775
-3.0,-1.5,-0.059894606816872115
-3.0,0.0,-0.8467200483592032
-3.0,1.5,-0.059894606816872115
-3.0,3.0,0.8382464945967775
-1.5,-3.0,5.925075312807454
-1.5,-1.5,-0.4233600241796016
-1.5,0.0,-5.9849699196243265
-1.5,1.5,-0.4233600241796016
-1.5,3.0,5.925075312807454
0.0,-3.0,-0.0
0.0,-1.5,0.0
0.0,0.0,0.0
0.0,1.5,0.0
0.0,3.0,-0.0
1.5,-3.0,-5.925075312807454
1.5,-1.5,0.4233600241796016
1.5,0.0,5.9849699196243265
1.5,1.5,0.4233600241796016
1.5,3.0,-5.925075312807454
3.0,-3.0,-0.8382464945967775
3.0,-1.5,0.059894606816872115
3.0,0.0,0.8467200483592032
3.0,1.5,0.059894606816872115
3.0,3.0,-0.8382464945967775
