-3.0,-3.0,8.712096683334934
-3.0,-1.5,3.9559788891106304
-3.0,0.0,-0.7568024953079282
-3.0,1.5,-5.409297426825682
-3.0,3.0,-9.989358246623382
-1.5,-3.0,3.9559788891106304
-1.5,-1.5,2.216820783452443
-1.5,0.0,0.5984721441039564
-1.5,1.5,-3.198984619355586
-1.5,3.0,-3.5410757253368614
0.0,-3.0,-0.7568024953079282
0.0,-1.5,0.5984721441039564
0.0,0.0,0.8414709848078965
0.0,1.5,-0.479425538604203
0.0,3.0,-0.9092974268256817
1.5,-3.0,-5.409297426825682
1.5,-1.5,-3.198984619355586
1.5,0.0,-0.479425538604203
1.5,1.5,2.4974039592545227
1.5,3.0,5.341470984807897
3.0,-3.0,-9.989358246623382
3.0,-1.5,-3.5410757253368614
3.0,0.0,-0.9092974268256817
3.0,1.5,5.341470984807897
3.0,3.0,8.243197504692072
