0.0,0.0
0.10526315789473684,0.11110285380659311
0.21052631578947367,0.23442246587783905
0.3157894736842105,0.3694951680560698
0.42105263157894735,0.5146090974294245
0.5263157894736842,0.6673769354838011
0.631578947368421,0.8252286962611847
0.7368421052631579,0.9857558638944428
0.8421052631578947,1.1469001478954801
0.9473684210526315,1.3070198134071283
1.0526315789473684,1.4648780664920107
1.1578947368421053,1.6195917565621603
1.263157894736842,1.7705664604326632
1.3684210526315788,1.9174327605005255
1.4736842105263155,2.0599905801990768
1.5789473684210522,2.1981636965762243
1.684210526315789,2.3319641138464426
1.7894736842105257,2.461464955401332
1.8947368421052624,2.5867802651597116
1.9999999999999991,2.7080502011022087
