0.0,0.0,0.0
0.0,0.25,0.0
0.0,0.5,0.0
0.0,0.75,0.0
0.0,1.0,0.0
0.25,0.0,0.4948079185090459
0.25,0.25,0.479425538604203
0.25,0.5,0.43423480076881127
0.25,0.75,0.3620454462036935
0.25,1.0,0.2673458593322521
0.5,0.0,0.958851077208406
0.5,0.25,0.9290427192778571
0.5,0.5,0.8414709848078965
0.5,0.75,0.7015806601010633
0.5,1.0,0.5180694479998514
0.75,0.0,1.3632775200466682
0.75,0.25,1.3208965234120993
0.75,0.5,1.1963885786101092
0.75,0.75,0.9974949866040543
0.75,1.0,0.736581987619414
1.0,0.0,1.682941969615793
1.0,0.25,1.6306233793789202
1.0,0.5,1.4769205252082576
1.0,0.75,1.2313899061284599
1.0,1.0,0.9092974268256818
