0.0,0.0,0.0
0.0,0.25,0.0624593178423802
0.0,0.5,0.24740395925452294
0.0,0.75,0.5333026735360201
0.0,1.0,0.8414709848078965
0.25,0.0,0.24740395925452294
0.25,0.25,0.30986327709690314
0.25,0.5,0.4948079185090459
0.25,0.75,0.7807066327905431
0.25,1.0,1.0888749440624195
0.5,0.0,0.479425538604203
0.5,0.25,0.5418848564465832
0.5,0.5,0.726829497858726
0.5,0.75,1.0127282121402232
0.5,1.0,1.3208965234120995
0.75,0.0,0.6816387600233341
0.75,0.25,0.7440980778657144
0.75,0.5,0.9290427192778571
0.75,0.75,1.2149414335593542
0.75,1.0,1.5231097448312307
1.0,0.0,0.8414709848078965
1.0,0.25,0.9039303026502767
1.0,0.5,1.0888749440624195
1.0,0.75,1.3747736583439165
1.0,1.0,1.682941969615793
