0.6731873180007831,35,16315
0.7795268684967375,70,15892
0.7673707906516575,41,15192
0.7300487099435098,26,16075
0.7733925653216454,32,15595
0.7741005989696472,43,15589
0.8111729282209025,57,16323
0.6781361443769232,51,15871
0.731126202479971,28,15490
0.7446986758190941,27,14655
0.6172331233774904,36,19277
0.7341254633019607,22,15097
0.7964311295096593,30,14978
0.6984722330111526,29,15775
0.6982749648682933,36,15625
0.7128685889450725,75,19240
0.6578219082795587,32,14788
0.7043776261885999,45,15914
0.6692372545168288,22,16280
0.7244042060937863,34,17265
0.6890823228523495,16,17480
0.7025123660091107,50,16638
0.6979987499845517,18,14693
0.6875638158513024,88,16059
0.6725005825768835,39,15635
0.7844794554532608,27,14513
0.678269229864797,46,14616
0.6793218991861674,26,14709
0.722625549229551,31,13652
0.6895469872371456,30,14336
