0.18905369679748896,58,11004
0.27905355320544645,66,11054
0.3968804237416408,23,9992
0.31377189070633704,38,10630
0.19747991564380662,34,10149
0.2831734664324148,24,10499
0.32278484025155363,55,10612
0.41761015624129205,23,11275
0.29465164593164905,40,10718
0.4597980662155653,28,9976
0.20677723231276934,25,9991
0.38028697895717745,93,12387
0.40724605744526066,29,9417
0.17440098873438903,72,12286
0.29224169086002705,32,12273
0.23496254485867252,46,10783
0.28929799866960604,34,12154
0.42781929223221293,38,10223
0.2263262721182464,59,11009
0.32572659732870757,36,11406
0.390956741734807,49,10396
0.3583975860538865,26,9819
0.33279207330789506,35,10344
0.1978897369156123,54,11097
0.2871744250814716,29,11062
0.24924635101666048,33,10742
0.2148915764267323,50,11560
0.2657474124334045,31,10838
0.3032090949182029,37,9742
0.19179667882750628,38,10278
