0.876651327050564,63,16862
0.7628183657988532,70,15496
0.8973414604068117,46,15898
0.8879489705352478,100,18274
0.8230930911383869,54,17198
0.9597160351107064,50,15111
0.8620104554318542,36,17428
0.8542053886017877,35,15450
0.8679146181995,50,20921
0.9329130229850907,39,14511
0.7192189017167779,42,17035
0.8850084152016873,85,17494
0.9150125190952214,43,17715
0.827243445767789,50,15969
0.9443660606428651,24,13806
0.9379033525096568,40,16050
0.9177292944260417,86,18655
0.8998573631112139,57,14498
0.947130421530834,40,15422
0.5511271265771773,48,16303
0.9520676531494516,41,12946
0.9424350332074592,38,15111
0.8714332784734833,58,16497
0.9144528735601509,95,17490
0.9184336864236162,107,18480
0.7922047097167564,48,16354
0.9525057299291028,52,15890
0.8671711452592826,56,16297
0.9554230231390657,40,13725
0.8808995759225219,42,16111
