0.3619855506182935,104,19660
0.39788230521005485,59,19157
0.4322021991018872,37,14715
0.36000388129753624,54,15594
0.4132762965640706,110,22038
0.3600466925983883,49,20542
0.494918544494086,23,13248
0.405168977024167,33,16410
0.40581056180194963,31,17464
0.42849446000505476,38,16995
0.3839184845045758,114,20335
0.3838124650592919,31,16588
0.349745364114338,73,17510
0.45012474517363676,69,16507
0.4303004118933281,51,20871
0.41961840652555615,26,18155
0.398830748704496,236,32430
0.3954272243839072,28,14530
0.36302956076416426,183,20801
0.38971445748614963,30,15239
0.34371643787036366,48,14837
0.44180180626030874,31,15940
0.3075026940560702,121,22274
0.32445979307349726,37,17400
0.45762860793256555,62,16719
0.43285882564234934,59,16468
0.3989723512341845,85,18860
0.30065688074948094,143,22324
0.401673148124434,124,17118
0.41116289335268885,53,22086
