0.0997214641551456,33,18619
0.06806151122310489,28,16133
0.08891668576168155,82,20325
0.0503845289008068,38,19944
0.09975438932460334,15,19237
0.021507805214526665,48,18848
0.03394781460402585,94,20754
0.05412424947363281,46,19305
0.04758751108796111,27,19270
0.019936692825089697,64,19169
0.0444693936142988,87,20216
0.034810770116399437,37,18900
0.03200238794429289,60,16321
0.034985765035225436,44,18856
0.07063006441023922,18,19341
0.07049308860121906,25,19140
0.02230621429817281,21,16737
0.06532647656302881,25,18170
0.060698435347598445,17,17007
0.019183391945050365,51,19432
0.012358336638436662,86,18676
0.04565196573327024,36,19586
0.023117506293560353,35,19195
0.01676717880829781,33,17996
0.02602450299432424,38,17233
0.05212661059254353,27,18020
0.029936244177103166,69,18268
0.0766122157037068,47,18039
0.07085623185543755,35,16334
0.02543319005300282,76,19014
