0.5283709179636824,99,31749
0.16688254600907726,106,35015
0.2598348904938601,131,36946
0.5058335016851541,39,37429
0.2524574239175774,69,30335
0.2481797503240719,85,30437
0.3520968882011706,100,33380
0.3717074120415603,128,33172
0.49131076063914203,79,33138
0.38548564577806543,42,29846
0.371264453446734,27,40101
0.36661952043936563,64,32254
0.31523903635295314,94,33753
0.43860041732465793,27,30043
0.5456999044705289,71,35991
0.36139150533093056,57,28787
0.5070803327773967,104,38324
0.40526548596893297,61,32523
0.4384663431148075,103,36083
0.3657092938764658,110,31347
0.2245185275113839,59,31791
0.36801248764207406,91,36559
0.3581485220670777,152,35508
0.3642762449108432,97,31267
0.47693124772897755,23,31028
0.49092259676059935,27,34352
0.3279318620503018,53,28797
0.34999278640173515,75,32837
0.22554907235184773,57,33729
0.28848131332742377,92,34315
