0.0,9,17357
0.0,9,17250
0.2291192785518923,21,16496
0.0,9,17880
0.13418584878673512,42,17506
0.09811811985065211,64,17276
0.0,9,15786
0.10778342865175339,42,17561
0.15663397669560442,49,17926
0.10124580750604517,44,16708
0.0341169809580103,26,18446
0.07126231569709851,36,17385
0.2019244142662463,29,16739
0.2981339130749995,54,15782
0.17139316684597772,32,16418
0.2982520797801018,54,17052
0.0,9,15652
0.3082218805691428,34,17756
0.2249203195907974,45,16742
0.042700049430306475,96,20758
0.19770786349291858,43,16502
0.0,9,18213
0.07142588861203969,94,19517
0.13500027668778292,29,16241
0.12256945472179004,51,16461
0.21314200828301721,26,16262
0.1287804065333258,32,17881
0.22435144948540842,40,16686
0.0692172974782902,31,17138
0.2181066681438023,56,19950
