0.9671623533454207,25,34553
0.9867655942480236,45,41132
0.9892781474369017,40,36706
0.9641816115034766,50,44453
0.9456106443306838,37,34697
0.9904927540761371,143,50740
0.9811875269692343,99,49147
0.9753793768683294,48,42173
0.9787977373467769,58,40482
0.9635592221766593,79,47592
0.9855576058465009,59,43914
0.988081766137485,63,53028
0.9830234695971382,38,37809
0.9858349486163309,107,46819
0.9682673031229339,111,42157
0.9716496961458876,88,45632
0.9884378032835008,29,44899
0.9861313301644831,122,43593
0.9711138524625379,102,40665
0.9889946562462218,75,42052
0.9799843098872361,91,44829
0.9718817883796771,70,41059
0.9865132513908942,69,41088
0.9803289051241802,80,39625
0.9923196891719742,32,39064
0.9912387008565872,42,38172
0.9100039663674409,100,38408
0.9760120627464067,224,53728
0.9868107703501446,33,37887
0.9662085619291351,138,46421
