0.2954496303018448,27,17964
0.470517986174358,80,20356
0.0,32,17001
0.31293247250123446,29,14968
0.2932809052799308,45,17362
0.18186028321077075,68,16464
0.48087511804015126,48,17479
0.32017091452518476,46,15786
0.2877246592758823,23,19419
0.5276968104341666,25,16753
0.24740994237524772,69,17698
0.43457517606817686,48,16842
0.3188676535087307,64,17518
0.11624793377678388,51,19859
0.24292755932761412,36,15826
0.2862473005956686,112,20093
0.2236162232417448,82,19064
0.06538013674999954,27,13560
0.2942107234570923,112,19275
0.24832364318442512,72,16556
0.29392272878854886,30,18374
0.2582697543518625,30,17144
0.3274940282357889,43,16344
0.22881962922086485,118,21329
0.07060301947971326,36,17570
0.2551937303485937,123,20512
0.5587207137207411,27,16281
0.24834752124505022,46,17039
0.23597309886923457,95,17081
0.0,17,15199
