0.9496839996680579,69,20445
0.8706309893063889,61,19576
0.907746984380151,79,21867
0.8192318015242748,37,20044
0.8711943771100389,29,18421
0.94679602337589,31,19101
0.9615746194018538,31,18411
0.9624286037701888,44,19407
0.9141657382404109,84,24341
0.9527869915340802,21,21079
0.9202036290336365,61,21248
0.9548351696458801,37,18177
0.7814408267024038,42,19491
0.9546211594952625,40,19632
0.8458460247962575,68,23776
0.836729026448029,43,23981
0.8742609648989249,34,19945
0.6540942777050758,49,21208
0.9559771364406334,42,17377
0.7750088878295001,70,22463
0.8734756979608409,51,20086
0.9263854972890355,83,23496
0.9320732234564036,135,25339
0.7923345336202474,70,21818
0.9501360463417101,116,24690
0.9566587949697345,42,18035
0.6187749002047768,49,20291
0.7907843352863928,48,21546
0.8837929780689894,69,22278
0.8208296515077246,68,20987
