0.8450882871894216,60,1603352
0.9367331913994326,29,1645490
0.8680468260317296,51,1628377
0.9356628474036933,89,1586118
0.9601431081646022,68,1621544
0.8696068155235396,60,1610812
0.8828066167492126,41,1703713
0.9656385303317869,72,1596773
0.92508811341786,41,1593837
0.9251356227387555,70,1605650
0.8388929019992933,95,1610966
0.849791742798979,55,1601156
0.9436843227334872,86,1567187
0.9112672010264485,79,1588540
0.8680010049921597,50,1663242
0.9554899532197877,133,2810915
0.9457134662634864,48,3022814
