0.1340989728678854,68,18662
0.08001112688629886,64,18943
0.3550304618528918,48,18399
0.35161271318146126,38,17343
0.33190347498655437,28,16273
0.1448619691750188,130,17802
0.26658478363645144,43,18300
0.3040384116420819,43,18121
0.3014297212338547,69,18678
0.3906218123161771,47,18634
0.18314997233715224,64,17707
0.4517283346176014,31,16278
0.25099428002465685,58,18597
0.3636884558709781,39,18838
0.3022006576215036,71,19890
0.3834022510308097,160,18455
0.3891562966446295,37,17865
0.25721896409698375,38,17212
0.30430115927687196,53,18315
0.1064445683891374,42,18549
0.37592538091004135,62,18780
0.18452524773760537,67,17296
0.3587154199299203,55,17176
0.2978174049708533,87,18871
0.12895240320759438,39,16604
0.2947390161624779,63,17738
0.2857241201892964,81,18624
0.26196746009595195,40,18305
0.4282178270227289,30,16170
0.2746476100336116,39,16891
