0.022980621771326093,30,16425
0.3011231684397001,17,16078
0.05511201441233782,42,16612
0.019981266362766315,16,16141
0.023507801372553483,17,16591
0.023847083119644785,34,16237
0.021495113638458352,15,16180
0.062117928042963344,28,15896
0.014835387627310181,26,16128
0.30419108934280703,47,16210
0.033627159769659354,23,16332
0.08720013505848023,26,16474
0.08903872409704161,23,16297
0.033069423190029035,24,15797
0.04498653406650477,34,17761
0.01399143232077249,58,16847
0.025386950982530077,12,14808
0.018999237263879087,23,16891
0.025283182621205325,21,15959
0.05191018292800731,21,15756
0.021495113638458352,15,15517
0.025386950982530077,11,15053
0.02418081347375378,24,16264
0.10706722849135031,9,16767
0.017839713485568565,17,15965
0.036115162053814376,19,15614
0.20597061888252244,66,17684
0.06456151803831711,17,16792
0.018984555503408274,33,15570
0.003340746361915725,46,17953
