0.940834670076821,47,13247
0.35030818313224155,22,12827
0.8652037152898615,27,12485
0.922655406112454,31,12121
0.7532166587242538,116,15659
0.9712170725356086,6,11418
0.07444401772388487,26,11780
0.8398132474763838,13,11748
0.8576711833353403,24,12241
0.23434208151976677,27,13774
0.0,36,13358
0.07567358511742439,30,12645
0.0111647510308015,23,13123
0.024894076861922132,21,11668
0.16069825655706127,63,15178
0.1070613534581194,26,12769
0.030035805309966412,24,11900
0.10838906122433134,71,14922
0.8200448555289725,108,14508
0.7601939394952679,34,12744
0.6620669666861901,46,12429
0.9318870223105914,27,12688
0.06262576174275403,48,13823
0.9560004812640579,29,12699
0.20121654557938595,31,13824
0.0,37,14252
0.021561204923797428,33,12627
0.5458831813377617,27,11906
0.32958858380229517,117,14407
0.05109798385654807,22,12334
