0.7383733314768506,62,12946
0.8292761755209861,101,13352
0.830019882622423,87,14203
0.8885399937735204,128,15068
0.8997598795871773,110,14083
0.801184225273798,95,11723
0.9215123659043508,113,13500
0.9484218780486031,42,9821
0.9002458441015246,62,13761
0.9641021404872963,56,10075
0.8923883716985306,88,12201
0.8780822960608126,100,12118
0.9389144535789736,140,13142
0.9391501038568572,95,12115
0.8490787156649234,57,15644
0.9055831482602312,191,16696
0.7989453234858594,56,12844
0.9373646277552513,77,13965
0.8881610634687381,52,11344
0.8173348607282791,156,17313
0.8028226684607725,97,12833
0.8135800034906594,81,12302
0.9272314625060328,92,14264
0.9508830312624104,78,12863
0.9500082501307473,68,11762
0.8917893742209978,63,13400
0.9084923995914522,71,12780
0.7774802736536693,56,11599
0.9028725711994263,76,12766
0.9151515626438271,72,11844
