0.0,11,18525
0.017160978963004614,54,18430
0.01070157515178094,22,18450
0.20692804453525493,68,21195
0.01327241924253808,29,17935
0.03923993665395842,27,18540
0.30839683920941663,82,21909
0.010850750540620013,29,19110
0.2508853414998987,56,19724
0.021584594214338892,25,18261
0.0,9,18037
0.05015047800302086,34,18126
1.3322676295501878E-14,146,20108
0.026760239153290843,37,20017
0.0,11,18200
0.00201163974629448,34,18605
0.1897678214992209,30,17585
0.2825849003741032,75,17799
0.0,11,17541
0.167867457136895,24,18308
0.30257295094680015,20,16971
0.009940903760863096,40,18215
0.3066595459474051,67,19025
0.09958557069875562,46,18237
0.08731902287509774,29,21112
0.0,11,19248
0.0,11,17391
0.0,11,18747
0.20136348310074126,30,16196
0.06704793976653911,42,17929
