0.9465487855287651,71,19961
0.9791835170878089,55,17269
0.9858070091131863,43,16112
0.8726838108725147,85,22347
0.9811011374630173,60,19853
0.9383440892293984,91,20626
0.9960933047159998,22,16177
0.9746615258971534,56,17712
0.9842243671976113,26,15875
0.9691786979571266,36,16946
0.9958608411092471,32,15769
0.9561472261327922,80,23793
0.9892143415562018,20,16670
0.983035570019064,19,15543
0.9727491953558587,35,17504
0.9854645132756024,24,17279
0.9788499497964962,45,18708
0.9589076738422377,114,21484
0.9779773517907138,82,18529
0.9816357045207925,31,16666
0.9845161476559807,35,16483
0.9731657966385011,42,16837
0.9847447102700976,18,15883
0.9779048045068405,73,17899
0.9756281884113213,47,17663
0.9831395609479857,27,16235
0.9823144399148601,37,18054
0.980772573975569,47,18097
0.9639362127118539,42,16958
0.9824281545202044,45,17759
