0.08591952708450823,32,20617
0.18242434042741085,24,21657
0.34301141577198224,39,21224
0.39221077631072554,26,20339
0.35381440451918256,36,22144
0.3440150679407533,41,20949
0.33306617647817605,34,22563
0.44225044032096894,10,21180
0.3159009143744388,44,24183
0.35705244438655015,30,21962
0.1154987371224363,54,23171
0.37834742215143347,43,20794
0.310513159856304,51,23600
0.09104360310565163,85,22577
0.44225044032096894,10,24146
0.120443496783608,40,21964
0.3617007647092675,24,21882
0.37757942145702095,16,21755
0.356699293518574,44,22104
0.10612150382468621,33,23718
0.3510078303780043,26,20530
0.3592561946893743,27,20533
0.1155064670857241,37,23288
0.3718325339836863,29,21017
0.09745479850176564,44,22391
0.12651337433710885,56,21877
0.34375876532856064,50,22895
0.37352434142597213,33,22176
0.40064846827217326,22,21317
0.3343610509611894,50,21020
