0.02010942916542846,30,17442
0.022896146262206485,17,15759
0.0273463902134794,24,14739
0.06346095035536836,29,16676
0.017383766372426557,28,16273
0.0725655130567262,13,15117
0.030889210978905735,24,17496
0.014412846146464209,25,16802
0.01886468715558509,30,16233
0.0399594557270726,22,16140
0.016689986832254644,28,15576
0.025297235656766004,19,16458
0.07343182558763817,20,17356
0.029516936906603397,54,18011
0.012867398069485003,39,17414
0.031881276873154674,39,15072
0.04811391534818654,26,15550
0.017720109481235258,21,15613
0.024498816004982826,32,16073
0.04646238628683852,42,15796
0.018077471602149897,21,16765
0.04209629757158806,34,16316
0.03524195398082952,33,15357
0.016937105686812504,18,15849
0.02018298874038582,20,16220
0.022463861503230986,19,16826
0.050897967327284466,52,19270
0.006305960951401901,34,15056
0.010678371861406633,44,16991
0.013262395514082037,23,14921
