0.05569788609334525,49,15078
0.07334956024460015,36,15589
0.14556092753280825,40,16215
0.12456170832175772,48,14652
0.03452824915159025,42,17017
0.21816509215628632,24,15828
0.1306194933778001,42,16222
0.08483385971207102,40,16123
0.11986630921882424,18,15657
0.1643886248169526,45,15760
0.22723246940378805,24,15608
0.18478423184084247,31,15960
0.04409447644496178,64,16525
0.024020720240958804,50,18061
0.08530865453756264,32,19092
0.23808460391501896,23,16365
0.18603498214312442,31,15666
0.14631245333039367,54,16559
0.12803075025003652,29,16519
0.04070500006636302,22,15701
0.17856883227186204,27,14640
0.18907225772122016,35,16349
0.08393551558421364,47,16248
0.10443487227851223,55,15937
0.03710744428950796,54,17054
0.0,29,14929
0.09748629435348799,24,15620
0.009572422413635318,40,16932
0.04338413021234022,111,18166
0.25627843611992596,36,16454
