0.9160935533133939,51,13560
0.8243439116062274,80,15942
0.9171885627913559,38,13653
0.9536236500350224,58,13660
0.6984703112195658,77,14935
0.9412014748517522,79,14984
0.9194006811749208,97,15079
0.9061136087697221,74,15587
0.9357282970929753,74,13382
0.8619537057903142,83,15097
0.8993730903440326,71,14405
0.8734300702898075,68,13826
0.846369679253524,51,14315
0.7724190827013314,87,15806
0.8135961407423264,127,15834
0.7107408420741805,74,13063
0.9280355044139553,89,13195
0.9626199659300559,34,13056
0.4422720398100851,112,17131
0.9281222587955684,42,12994
0.9243046306813048,79,13481
0.9403080059890685,49,12357
0.8509551376675919,95,16208
0.9393764589966845,31,14067
0.9286399035292426,64,15101
0.7394507556109269,81,14482
0.906808691962222,180,17366
0.9121737656094858,88,14974
0.9257616855065869,46,12826
0.8597559060481794,47,14181
