0.7232165318062099,24,15182
0.7088178972710005,23,15752
0.6914590268908459,26,15427
0.6911846676845959,30,15042
0.717257191117783,33,15482
0.8925770699272534,21,14305
0.6926227945187107,30,14617
0.7094628418978107,24,15135
0.695861366692673,34,16859
0.6202359309554966,34,15044
0.6561749702741358,33,15821
0.7449467545202331,21,14523
0.7238817884120102,29,15257
0.6907607729055371,25,16028
0.6368635895144146,51,17866
0.7745855502514295,23,16420
0.655459186107887,35,15348
0.7793046613926714,19,14302
0.758000120554047,9,14873
0.7081001305601407,38,15658
0.7903043355347139,45,16895
0.7414714788825818,17,15427
0.7148076241852364,28,15768
0.7059278983758384,22,14773
0.6342023152886147,36,15592
0.7320756426296713,26,15190
0.7260895419198359,21,14932
0.7355227498013337,16,13703
0.7607013733380413,30,15129
0.8929746314966747,33,14538
