0.9827868864579643,28,9571
0.9813450651506626,51,10434
0.9664255599330693,55,10567
0.9801682824056668,36,10187
0.983955099144518,59,11461
0.980245716463429,67,11592
0.9797196919889051,86,13253
0.963131954129236,129,12719
0.9724336333787335,126,17782
0.9898512191913675,45,11254
0.9903876042393689,39,11168
0.9790919125669963,203,20195
0.9795082615580456,42,10844
0.9618158624912315,133,13087
0.9030110681370767,102,14633
0.9813780317649434,39,13696
0.9766966039139257,126,15133
0.9951903969843984,25,9112
0.9743306649401631,125,13032
0.9775078465301246,51,10287
0.9821136382136512,31,9720
0.9557282235515814,379,25874
0.9679668505150053,34,12927
0.5673846035645984,56,11776
0.9663043192145387,118,14008
0.9886474185788887,23,10851
0.8406201618350083,46,11557
0.9845685283422071,59,11246
0.9873500738664538,54,10046
0.9527091604175034,110,13706
