0.7261152001172195,23,14835
0.6938489366796018,30,15150
0.8529846266948353,39,16073
0.7264183904729028,29,15736
0.7730696326070481,19,17128
0.5133868680262297,28,16496
0.6020239274144066,41,15090
0.7996934361831713,16,16101
0.6979987499845517,18,16726
0.766310361584072,36,15592
0.7037709052143633,25,17716
0.747220824243239,25,15231
0.7262207616897325,23,14175
0.7280834782467318,21,15980
0.6960725337980704,36,16539
0.6847924296866288,38,17381
0.804075714875125,31,16408
0.7760190766775417,60,17295
0.6962455471128537,32,15960
0.8835138783012632,55,17254
0.7508649200696765,77,16629
0.6435459118658837,25,15482
0.7932785494859981,28,15355
0.7878299510142153,33,15552
0.8032436105199435,38,16065
0.7086517572582061,35,16569
0.7673759447806345,46,15649
0.6837168675354409,74,17735
0.8065080135547661,19,16472
0.7243914381566151,32,16253
