0.15328602264996904,50,10543
0.018398849801026018,58,12719
0.04020738453732298,37,10810
0.0629486264966298,42,11539
0.05213326585123612,29,9850
0.09359726118075973,33,10458
0.02573593053544776,53,10570
0.035804350860524026,49,13067
0.0407449631540977,63,11188
0.08467341831285469,30,10483
0.04117932958931714,82,13094
0.04357366540253527,31,13241
0.07906768803524478,37,12252
0.06234379106585819,48,10273
0.026862156322306374,57,10811
0.045642011741862554,52,11365
0.1424617088599892,36,10898
0.09343839424133882,58,12825
0.04533430776485148,34,11143
0.10654093207574933,46,10233
0.05387654872753478,25,9458
0.027940220335984978,53,14342
0.05340990405696111,62,12935
0.049060647323160844,42,10316
0.0984889100949713,37,11793
0.04030557518592104,35,10434
0.04882267762646053,23,10638
0.07573624210448415,34,10537
0.04677436765279441,51,10870
0.06236294908901485,45,10809
