0.018641180182198624,37,19529
0.28312214757855547,87,18591
0.0477791185553641,22,19477
0.1261608724492702,25,19513
0.22148943025571965,21,18986
0.06782899268257403,57,22475
0.16901950469091542,18,18542
0.09015426535328686,40,19630
0.07445931732628741,43,20277
0.09598011034015719,29,19005
0.1232978550535101,95,18663
0.03224593587542979,35,19312
0.17920566539894833,20,19375
0.05515886441662554,31,20885
0.04221907211561693,53,19249
0.10052359522416099,28,18315
0.2234437872600038,12,18905
0.033615301450757196,36,20384
0.018428361567475404,43,19571
0.2862698618682402,18,18898
0.16030019761163206,22,18191
0.09936486207554573,34,19009
0.12018464293139985,45,19704
0.17611518847908803,28,20112
0.153078959182942,28,19323
0.10712366103803372,37,19048
0.07370930136896625,25,18959
0.21796274405570737,21,18822
0.17381583418915492,67,18288
0.09449725059335878,25,18683
