0.09008200677427047,18,16296
0.10391362246086322,22,16443
0.23820596156640572,23,16702
0.1843952818507334,30,16300
0.08043420382504862,28,16784
0.04049605776010656,31,16437
0.06372969139718365,61,16897
0.07832107324899062,60,18744
0.220014291330496,21,14812
0.09393210208417058,19,15823
0.1468432454437737,38,17096
0.07399836672534699,25,17026
0.16423711554744547,31,15817
0.16202806616616594,21,15989
0.03807621879363221,73,18237
0.25332342865566904,48,15925
0.10083919277880782,21,16321
0.04812209049553906,88,17615
0.07409435705332523,21,15746
0.05311043034939933,122,17061
0.18071129009644604,81,16617
0.08580875004779576,62,18152
0.07689308919335458,48,17013
0.10053225089275508,25,15687
0.21104664675824103,17,15764
0.1645772599243609,18,15239
0.04840243960296531,27,16252
0.09900934717822518,27,16485
0.14070854696912571,30,15912
0.13137522188178252,74,17929
