0.33817197421246004,75,16079
0.3438993263629122,42,13446
0.3504023541202309,30,13874
0.24336098568622933,36,15639
0.35432255591507056,48,13343
0.3410840026656041,15,12194
0.3702785326135808,29,13372
0.3559707373322908,22,14857
0.24419180965025922,56,16744
0.39217303755875754,19,11681
0.34310508056791267,45,13390
0.32990292908330066,48,14727
0.41083431858300345,23,13291
0.3523582036931101,31,12953
0.38173657172168374,51,15097
0.3831518870695736,14,12731
0.37557850689963745,31,12569
0.33922006392438764,48,15466
0.34082618550515986,29,13754
0.356036761379241,65,15886
0.2824286310976515,43,14255
0.19857666932827567,43,15062
0.38866764420041133,44,12164
0.4261510972506415,24,12644
0.40471147501874183,28,13143
0.322313708817635,73,15340
0.37122181244691055,34,14006
0.24408793797256145,56,16014
0.3792314450434542,27,13339
0.3580773332538949,35,13138
