0.9828399880670338,64,19215
0.9814695095648182,36,18996
0.9824861066882951,30,16316
0.9808076089602246,60,19621
0.9632096236320207,75,22302
0.9809793284418127,68,20138
0.98410093309977,24,16487
0.9827202357046564,43,18291
0.9811389986008987,38,17965
0.9811604886012244,45,18103
0.9721265451338377,85,23071
0.968051006455559,53,19726
0.9624655128592148,44,20797
0.9766773677673818,98,21835
0.9962292288906411,28,17257
0.9789129511795093,67,18091
0.9800802680780494,76,20288
0.9820426516730099,37,16625
0.9797928072782913,35,17278
0.9690766757696477,57,22514
0.9883696655626142,57,18953
0.9823655182403076,59,18367
0.9664080550724383,72,20097
0.982071010378223,57,17403
0.9468726637695358,57,19883
0.9837775360976163,138,25141
0.9867510946425111,22,15482
0.9214369336257121,50,22172
0.9634703071342813,112,24840
0.9827973999084073,50,18655
