0.7987427043855738,28,10435
0.7175986293576677,24,10773
0.7658145749381684,25,12270
0.7028915781019403,24,11260
0.750232069352597,40,12175
0.7158736988190586,21,11828
0.7700709363975385,24,11964
0.7185218253013088,28,11324
0.5934489058596997,55,12871
0.7899804730413668,17,10687
0.6852076240264344,59,11341
0.8863386905572463,26,11925
0.5941307746279092,67,13300
0.6091966119450855,71,12527
0.677676156034255,35,12097
0.7558425855680044,54,12349
0.7045252510965564,23,11303
0.7248190255688047,23,10750
0.8572968696726847,50,12442
0.727417919054062,20,11086
0.7584286753744782,21,10677
0.7718651486695232,59,12315
0.7415002606703714,17,11046
0.7835244046936253,22,12556
0.7738903542910694,63,13068
0.798348472489034,52,11736
0.47446384365778194,89,14210
0.7943943655206631,42,11361
0.7314448903789055,19,10743
0.7435291267934345,28,11063
