0.31317488712334995,112,11358
0.13743694101425286,71,9951
0.13727218509845374,40,11400
0.48190825937790005,32,9651
0.3633724241461561,69,10533
0.28572705095038,43,9527
0.36237067669267653,31,9684
0.36839333764802007,34,9388
0.38479344908343294,26,8965
0.009492436302216856,28,9087
0.3966127023338054,46,9735
0.5037308624318673,33,11112
0.24755611098044306,39,9348
0.23945631484306273,40,10304
0.3591960856399228,38,9619
0.0,27,11529
0.16250006857483645,38,8773
0.3728612436272859,38,10054
0.36012141678881293,91,12637
0.4139891533262767,30,10783
0.4183262001792639,69,9894
0.32246183147413465,46,10733
0.22624218156813125,114,10759
0.4248219594368492,56,9663
0.43081372249495264,88,12019
0.3831036067147088,53,10157
0.35898131475454664,34,9555
0.2948247673356925,47,9632
0.0017291751599743943,32,9620
0.05552243110535804,31,9425
