0.32245540828346886,26,15858
0.36766868804337627,27,16521
0.11743844205889975,27,17680
0.14580598661883204,22,16199
0.10794689918797196,111,19297
0.1207552862423189,66,20762
0.34647574583040375,43,17798
0.2684998053219322,43,18022
0.0625264442377309,18,18597
0.34682108378827825,107,18062
0.35593580319575646,23,16691
0.03074734679406832,120,24712
0.33687093173922045,60,18478
0.39241401803165954,23,15564
0.35760646097243276,21,16904
0.2910070042937509,54,17218
0.3774205747993892,33,16685
0.354585262658188,89,20242
0.06659330751287085,45,17458
0.14267919668668527,94,20994
0.38136341935285345,20,16804
0.3372884896851833,23,16464
0.13221587574727833,43,20030
0.12187904958430706,47,20447
0.13813160433380833,36,17124
0.3237521638076418,87,20653
0.2392682468802485,43,16200
0.3561882835853001,48,17800
0.20538239972179484,76,20074
0.2342676192469786,67,17930
