0.8042948664436402,36,15202
0.7904672340300583,26,12175
0.7905889761883909,41,13856
0.6983413170945533,30,15429
0.7882975092171383,24,13208
0.7798283942527263,34,14861
0.8959972759883079,50,19779
0.7228569435549681,69,15698
0.7741578514516498,41,15135
0.8977435323941416,44,14146
0.8921971815043672,72,15309
0.8749357964246127,30,16434
0.893104939705921,35,14981
0.8587615151996078,51,14481
0.9016803358664667,23,14567
0.703111253671691,59,16097
0.7950557349613618,33,14270
0.7695365539622436,20,13221
0.7732642077675492,28,11654
0.7766015994254192,42,15624
0.6717352476391905,49,15437
0.6964473018759535,55,14755
0.8966049274996014,83,15796
0.780670541048933,36,15367
0.8267659749956807,35,12424
0.6882394468448056,34,13750
0.7652044091166514,25,11573
0.8929223361922222,8,12997
0.8943010063730633,50,14095
0.8264964914867658,43,15101
