0.0,7,10024
0.011556993522072623,15,10430
0.5855583035446825,53,11466
0.3475368236738918,56,10497
0.3972021679347585,70,11689
0.0,7,8970
0.18980876784644785,71,10922
0.493647323855366,35,10134
0.5687281719989354,21,10214
0.3254711578847296,72,10790
0.2003265867887295,39,10791
0.014289355882858845,48,9067
0.0,7,10106
0.0,8,10194
0.3272142503641642,92,13641
0.4311580316872077,36,8540
0.02694408271992954,26,9751
0.4322586948001703,50,11247
0.021524552309124534,49,12944
0.3570262441124702,28,9758
0.2926492118454206,96,11133
0.4091902560200331,48,10902
0.016543968576037238,26,11348
0.297076212639787,22,10084
0.058163744435224984,38,11539
0.003301796576432814,23,10420
0.0,7,9623
0.2606523573998685,86,13787
0.12947850054904342,25,11158
0.17764329432874304,26,8941
