0.11089392925919861,55,34645
0.35409279112294834,32,37519
0.07303244512777907,62,34332
0.244416322711984,20,30041
0.1369212843370744,64,35294
0.10918393401184157,48,30067
0.15356652638505353,67,31067
0.02548304736669449,56,34845
0.02808966626068754,30,33409
0.05728907006370065,74,33155
0.23674871511628315,43,30985
0.2566174003658418,66,29306
0.03165925468831343,202,38699
0.042194547830691764,123,32954
0.044409861672195405,39,31249
0.18857325950379833,319,41237
0.23576223961432308,42,31761
0.1733802569639985,42,29514
0.14697665477381505,79,34121
0.07709207019312514,135,32451
0.2919784115673605,113,32019
0.07253932689463083,52,34050
0.0723392526988994,45,32049
0.0716738849581624,41,30946
0.13317938216953185,53,30325
0.07535697999601865,64,37160
0.06465749624158978,30,33756
0.0765617543610233,132,34698
0.078221271739638,69,27167
0.19594569575072263,104,32101
