0.22417927406728644,46,13997
0.4549063747863067,33,9925
0.4391453478178168,24,8937
0.20235128168014427,40,10304
0.08554402193416133,73,12128
0.3661611651037089,134,14762
0.3523736029010578,44,9968
0.2815606230536214,34,12329
0.22656545726591426,45,10459
0.2486834539212197,84,10238
0.3748936638344489,42,11536
0.3261149874933058,38,9679
0.17108011583515348,32,10229
0.46164720763878386,36,11084
0.25865001487341555,58,10603
0.4042418208718913,41,10658
0.29395814005149123,55,11388
0.42836737049276363,27,10054
0.47099141425553215,54,10630
0.45538610126097334,28,9792
0.42206431361431895,47,9962
0.3158221767424324,43,14712
0.2449004410175013,24,10716
0.32141990100737305,32,10187
0.4063171305787284,41,10465
0.30266337084963557,49,11246
0.41830736134098645,25,10365
0.1359153429835489,82,12366
0.45807019865942156,37,11054
0.33808928700795904,94,12022
