0.9242000619835362,45,31038
0.9888921937765744,38,32805
0.9592157658106144,46,30116
0.9708775985542799,67,30313
0.9820491064970626,38,29105
0.9814251018557413,62,33834
0.986043308033038,62,31273
0.9805919054315647,143,37527
0.9663095111164592,30,30636
0.9842218626578805,86,37072
0.9795419226593992,34,34667
0.9827860820706437,76,30845
0.982932489429591,34,29437
0.9825740248036968,66,30926
0.980721072077176,85,33987
0.9880767032515051,122,37772
0.9767508679083928,67,32121
0.9792195467758279,49,28499
0.973444195838443,24,34212
0.9822244458136077,60,31195
0.9849606896487894,190,41207
0.975780099659193,19,27609
0.9599235638360641,33,31630
0.9723702046933497,70,37970
0.9680066659099856,26,30100
0.9507656206861497,42,29966
0.9625783918191055,27,30983
0.9918250227485527,42,30148
0.966881600720206,115,39581
0.9050206719186857,44,30473
