0.0,20,19316
0.05553258979669706,23,16411
0.03696423383333658,21,17191
0.16055476584506234,31,17838
0.6013490137188384,24,17864
0.045613558268015164,20,16409
0.17289492742676582,30,17389
0.09866960841312966,45,18024
0.594654020168598,16,18585
0.8776146430193634,13,17607
0.6261722703173809,28,16705
0.9379155997547001,30,17611
0.11527295221558109,25,18339
0.013246723470852095,71,19910
0.012424694420574922,30,16715
0.968347029557387,50,17689
0.04729097990588138,25,15612
0.8481056334907036,37,17538
0.05718791745261964,37,17427
0.013326329014375249,44,18759
0.06771849797772422,22,16866
0.02487962861132309,22,16959
0.33442475319271103,53,20351
0.6559218831493829,23,18274
0.8417038531567416,33,18909
0.002891530552160071,39,17563
0.09429878566141503,19,17130
0.5217120304272849,252,39482
0.4362354598707662,38,17970
0.47579726554399926,38,19275
