0.3555749643124102,43,11064
0.3077850450401145,34,13046
0.3536675640037552,39,13843
0.36947829357124695,27,12142
0.31638558481287005,37,12473
0.35932833234543193,36,11974
0.37345511923789976,26,11119
0.22968436066442843,41,14146
0.26484781927253254,53,13442
0.33992217217650333,34,12781
0.4010552418902147,16,11812
0.4180754315312383,32,13041
0.30779826506211583,37,12289
0.3612072702654031,39,12291
0.4237845775749398,18,10769
0.3999941384071347,17,12744
0.36913554515414426,16,11404
0.3555205991835487,36,13637
0.3579702305018889,20,12205
0.37408542718059146,20,11534
0.3532994586725371,49,12606
0.21918381714100332,65,15585
0.399988304335984,13,12377
0.3909231747699258,46,13899
0.36464371552870933,31,12351
0.35346027629204135,31,12252
0.34948892355590033,23,11577
0.3646334094312743,28,11900
0.3870183123261117,29,10521
0.37796332263210775,18,11969
