0.2941538195341349,65,18437
0.3296051848572017,88,20071
0.39297567687867296,66,22194
0.3352010394523095,83,19575
0.3563385826094345,66,19506
0.4278189596696865,91,17937
0.3406927133230826,69,17686
0.20772089714913244,71,20127
0.359913238632132,53,18538
0.4200175747455621,91,19733
0.4908868629914118,109,17280
0.4800102764828551,129,22432
0.3454458164209816,49,19576
0.5711119604566998,53,17207
0.6703330298917366,68,18498
0.38311227074608156,40,17763
0.27223707905239014,49,17266
0.2958681937032134,43,20628
0.34875637618030875,92,18138
0.2987889235547875,74,18241
0.46655598991375014,109,17893
0.37612255797767524,53,17256
0.34006567181546443,62,18623
0.3457396146266325,67,17575
0.6605083530981826,67,14898
0.649684406214277,57,18553
0.21212566594468163,105,20238
0.32246930306687205,42,17978
0.26661370039761856,137,24603
0.6529408155839058,61,16081
