0.06574576873105131,44,16353
0.2431435334956269,49,16742
0.21299428219981342,51,17326
0.0,9,17503
0.09003465471440641,47,17888
0.24963697391745143,49,18002
0.11888866113933627,32,18050
0.0,9,17029
0.0,11,16880
0.0,9,15832
0.21507409313838788,35,16963
0.09330540644883178,38,17213
0.0,9,17311
0.03837518291924269,24,16516
0.0,18,16581
0.0,11,18148
0.25236509130265017,54,16828
0.20069312269847928,67,18185
0.1403781328032362,146,19434
0.22055558153081978,79,18916
0.2079152731009325,35,16574
0.24543209265959787,23,16315
0.0,9,16492
0.0,9,17820
0.09887839131503207,27,16506
0.0,14,16959
0.0,10,15952
0.11532332058175787,117,19378
0.0,9,16951
0.17867424236196294,49,17256
