0.025346752274324924,30,1606652
0.027420553691415717,21,1592513
0.019981266362766315,17,1644125
0.021794152065247152,28,1641139
0.023510582608244124,23,1618437
0.02539631182660229,30,1611178
0.023507801372553483,16,1720590
0.014446456984071432,31,1599886
0.018279067831171836,30,1603081
0.024936323408609185,21,1584202
0.19397785760685549,8,1593982
0.027911069552698176,35,1590913
0.03184890212612179,19,1589526
0.09397376490316689,23,1602046
0.051241623661310465,43,1664551
0.03548328296226433,26,2786822
0.014137216386197249,22,3166168
0.02424152246931477,23,3017367
