0.2711082624629655,52,12383
0.2773752866803818,49,12358
0.1548132798669417,45,11817
0.18568545861554575,76,12860
0.1525285274676571,85,14063
0.1511740445641946,49,12440
0.3671376917870227,29,11348
0.23810637624269204,19,11370
0.3374487767904961,29,11170
0.15187281808630526,52,13058
0.219230427549298,64,13394
0.16188688243214744,61,13201
0.05102493742778835,29,11805
0.07143488095383232,47,13280
0.05710299397138874,46,12904
0.3690814718641289,24,13598
0.24036511970117924,63,12829
0.12313353784032854,79,13205
0.17461112449515725,88,14381
0.24688993182491492,29,11379
0.28438506402329844,36,11704
0.18530148651674538,41,11819
0.0,15,11963
0.22952477479509126,52,11617
0.19436514775985236,28,11676
0.17799564110509647,43,13279
0.20771901698277362,24,12423
0.2262508044147583,50,11439
0.15482979374977124,33,11585
0.17017547550447354,52,12673
