0.9863912158020112,71,57767
0.9761588393258611,45,36974
0.9658461194825614,49,44965
0.9800139185661787,64,45378
0.9859947215008102,38,42468
0.9792182488205116,38,39831
0.9592700713551366,58,38975
0.9781715608826984,49,40247
0.9862877397971229,38,40942
0.9827959354820227,114,51613
0.9894372623480747,29,29628
0.9726064223824488,52,45157
0.9754318902771932,80,46541
0.9806359873308519,31,31319
0.9190555347995618,23,39937
0.9632484501370517,29,34728
0.9793517859315142,162,52874
0.8923571973796351,72,46255
0.9757632585168609,54,41635
0.9523935092450219,31,36521
0.9845518483663014,52,43150
0.9920258583337325,165,52466
0.97863519714695,68,46187
0.9846903540110762,22,33015
0.9827928150260683,102,44048
0.9566165904216397,61,47603
0.9887468797268055,28,49392
0.9907345138271761,27,33609
0.989135016181335,67,47411
0.9771273717233088,29,44608
