0.9155941024316893,50,23241
0.8007451754955035,50,24837
0.915141229717393,152,31885
0.9191917094642861,96,23590
0.6642681040928236,25,29459
0.9079209642856101,46,22722
0.4441812702810184,64,25429
0.9427716337046969,55,25764
0.890040993636629,37,23209
0.8964365003768532,98,27621
0.8795020647490505,99,30171
0.8337093453233266,56,29174
0.8487519734572311,101,28541
0.8852801208810014,85,24632
0.8911897396355856,34,24135
0.8739397159295645,80,27700
0.8712271686368842,60,25401
0.9432026546799919,33,23852
0.8885568808519776,57,28208
0.8673720002502574,53,24811
0.9003786609815356,54,21340
0.8692491546029463,124,36930
0.9257847226075717,42,25630
0.8885683326748395,42,22603
0.8977296755398133,94,27549
0.8687897481136074,80,24767
0.8612455584529317,80,25381
0.8664640658946439,74,30872
0.9409873445765076,75,28708
0.8320035116014366,106,25676
