0.3634528469893279,46,12879
0.2399704098941029,66,12477
0.21408461146277957,95,15061
0.5121542871057194,23,12742
0.3312575770147841,38,12456
0.26385479986378313,37,13365
0.4923600039550473,30,11748
0.20650972523216893,53,14280
0.40558913083127635,70,13148
0.3253528049255682,23,11737
0.4952528129196756,41,12705
0.19943968985698013,49,13117
0.22421178859245305,118,15235
0.3162493033315753,32,12825
0.21251615570344184,39,12459
0.3369883731413955,42,11993
0.3537742681323135,19,11666
0.16940355679853092,66,13346
0.2354438131316562,51,14472
0.40407203624577537,28,11672
0.42972613100867896,79,13172
0.31569823453205137,21,12150
0.3942135387979697,22,11816
0.2402729563953676,41,12876
0.06363259622109263,47,13594
0.2811124367739154,75,14526
0.14868298428903592,53,12998
0.2436699150547993,30,11900
0.2149419994729762,31,13261
0.21120952315254504,56,13815
