0.14684821230487766,56,10113
0.3098331781872603,34,9518
0.32499695405450935,46,10595
0.29660295376210777,51,10628
0.20417124908322692,50,11538
0.16437843351405534,37,9454
0.0,9,12184
0.1521608219620585,40,10286
0.16365295597576002,52,9711
0.0,9,9627
0.09558247447527468,118,13084
0.4133168145346765,31,10182
0.3100614110942995,67,10400
0.49853414220823333,44,11502
0.3767353974169314,66,11719
0.6389350991580396,44,10225
0.19566225256493797,199,17136
0.4569558748142206,14,9930
0.4661970987616466,55,10818
0.09295459214547774,63,11269
0.1865260157499451,73,10946
0.04294958491128609,58,9923
0.5201559924720465,41,9699
0.3740640172579366,106,13938
0.35106192323863217,29,10674
0.21892224449033038,66,10798
0.3279707602225098,35,10264
0.05727915799147709,36,9568
0.3250213282836488,55,10361
0.21716286415687458,56,10687
