0.9867505387803583,85,28758
0.9942189867331621,61,27705
0.9497434747302952,139,37524
0.9683067519662565,60,29087
0.9952876338297317,93,27441
0.9950786375048861,72,27149
0.9781260819353033,83,25912
0.9923347812254548,27,21260
0.9863514019331329,131,36500
0.9825453858535547,121,29982
0.9731290897316828,80,28286
0.9826786594840592,74,27012
0.9859942619218212,76,29137
0.9927591563446255,20,26535
0.9548038872491961,48,25055
0.9924562233868963,160,33656
0.9900517495997332,35,26648
0.9857714049178119,50,29182
0.984239477308721,53,25197
0.988275769131209,107,32559
0.9927242682330885,27,23280
0.9952862057187635,117,31168
0.9874517366681981,48,23831
0.9698360250164938,45,27248
0.9847164747509075,62,30159
0.9856077621056208,43,23394
0.9778589823278024,41,26181
0.985380694503504,65,32777
0.9911948117076791,68,31352
0.9287886148908936,57,27800
