0.34196592307976514,35,20658
0.24767546403109275,50,20556
0.2843354395428761,37,20048
0.46370517590411786,30,19833
0.2620405503687978,28,19332
0.0950599442442931,77,23185
0.2123494085917198,96,25651
0.4074784328928308,56,20334
0.2314518351908158,22,20037
0.2989501321321393,89,23192
0.2544133048004139,28,22607
0.2199698528404681,44,20916
0.1739557506570497,56,21881
0.1878574767303981,99,21272
0.19869227460032446,46,20293
0.2163424665162521,39,20949
0.1392694353836268,37,20553
0.2844124313194688,63,19904
0.4362768405569052,46,21736
0.3223650873297773,46,20070
0.12871968972927483,59,20424
0.2796802020591126,25,21207
0.320978127278591,20,19609
0.29995845932828924,30,21463
0.10083616528466766,70,21033
0.34071017574293827,31,20796
0.3617635233049299,47,20203
0.2928665777633557,90,20912
0.2558032929859807,35,18878
0.2901829657213364,53,20365
