0.8554908989177811,41,19277
0.8364677505720954,65,19795
0.670360016291455,49,23087
0.9117801722354214,51,19193
0.8555711393304469,14,20078
0.877155472224645,27,20976
0.8396672807792269,56,19501
0.8592811964769668,41,27622
0.08656509296887782,25,18798
0.8913599416705342,27,19305
0.8923450829770762,92,19337
0.8934910167684629,75,21013
0.8920643025306024,47,20498
0.8038097919131134,27,21175
0.7518066208597503,26,19677
0.8653363233480708,32,19664
0.0,50,18970
0.8904352129328517,50,22350
0.15496893729384098,27,19942
0.9143432173790965,69,21114
0.9307387148933008,44,19607
0.8279505096546607,58,20838
0.8906731164368172,37,20174
0.8939762989855714,33,19397
0.9123444029790957,24,18265
0.896382777594028,42,18659
0.8825517801416978,69,19876
0.6305558855356376,38,23175
0.8102673793983056,29,20416
0.8539246624240262,87,21220
