0.28646711020939275,45,18790
0.34331566414415626,30,18125
0.35945270847285193,109,26020
0.2889653411420815,62,18063
0.3699238469845879,23,17059
0.3941608884186233,28,17278
0.36687651478176475,26,16373
0.3330382958932161,45,19113
0.38280808573332115,32,18566
0.3620979128900468,42,18068
0.354078436720767,23,18519
0.4047538807072564,18,16646
0.40238826078490053,31,17341
0.4097406934125868,28,17030
0.2953658299456563,36,20043
0.44415074516521535,16,16265
0.39074901097894077,16,15954
0.31576421399702903,32,19809
0.348859278932234,26,17250
0.370596778748033,22,16154
0.3690808046789903,34,16084
0.3761821981519827,36,16013
0.3572256898036875,37,19286
0.36177593867701985,35,17703
0.3308708652422574,33,17593
0.38308943143007523,33,16998
0.358520275532782,32,17006
0.41958360186938126,32,16752
0.2673542140203664,20,16784
0.3946682359161734,46,19510
