0.17591777174999013,34,9623
0.07326009922465526,34,10385
0.028060934711348073,62,11427
0.06668187956828908,72,11663
0.02630106518283848,57,11344
0.028279718465677783,100,12626
0.06886629081941886,58,11326
0.06709390312836139,79,11482
0.16934037931798152,40,9830
0.15350218064501786,63,11681
0.042097138757813846,37,9420
0.11805036923891554,144,14842
0.033485414651730716,139,13782
0.33671610926346185,61,11725
0.13560829778531525,85,10047
0.040211652604556725,146,12587
0.08459318946131911,31,10170
0.11878964185926078,70,12768
0.051479028335842836,259,21003
0.03816541863875056,62,9993
0.0668597622426107,43,10039
0.07834534539449234,44,10132
0.14158355300062941,25,9845
0.02011000589494283,88,10853
0.06120219785757708,54,10866
0.07023049373382684,65,11313
0.042115652556658945,62,10943
0.052662689813845254,31,10164
0.11926760294214278,87,12456
0.07245025630100443,45,9396
