0.7070571967008761,26,15609
0.7580001205540469,10,15197
0.7851969669899965,24,13934
0.8514862969419565,35,16082
0.7805423152646827,23,16060
0.687224190044475,25,15840
0.726078116242182,22,15703
0.8514116816682907,24,16004
0.7501613537391315,24,16191
0.7085094718365352,30,16416
0.73799619327899,44,16621
0.7192583470914944,24,14425
0.8963723377285395,24,15155
0.5036826483722434,44,16462
0.6349508668455216,35,15967
0.7104559165966874,21,15887
0.6777474820712668,37,18574
0.8049617344302683,14,15495
0.7310853057050108,20,14782
0.7251364861548906,37,16477
0.7596064969246232,19,15243
0.8974224263525296,14,14257
0.7355536731401022,25,14600
0.6874125616913582,25,15776
0.8541278310228111,33,15600
0.6809116125095765,43,17858
0.7283058277359318,19,14065
0.8868059631147364,24,15103
0.5459522634268079,37,16807
0.735335126494131,24,16368
