0.9953627598422973,448,26865
0.9654419951500913,119,25154
0.980475343051251,82,26866
0.9774424561026537,69,23996
0.9590508402709043,28,21285
0.9852100713702017,42,21323
0.9756596511806898,132,26443
0.9946591293817924,66,37257
0.9825885289082412,42,21461
0.9704893653324469,129,25975
0.9899683985549175,35,22186
0.9821604262996875,147,23953
0.9780506365694107,59,21586
0.9969171890074222,14,22002
0.9746408757005321,390,32406
0.9911065553268916,73,36412
0.9904067313111704,101,32131
0.9924609336933287,56,24905
0.9928456443531722,85,21945
0.9848226187978477,86,29269
0.9968339246580241,88,25144
0.9784660787384111,80,28171
0.9857347957593391,169,26534
0.9671182969396194,61,23451
0.9825721965506865,67,23973
0.9890755099905595,48,29228
0.971806943478386,165,31565
0.981341695373472,35,21854
0.986487320677587,94,25444
0.9755350728847363,54,23148
