0.04731313583641206,21,16696
0.056498691462046,47,18723
0.0791270670958566,93,17556
0.06563707145150965,22,16435
0.06621545745685065,17,16632
0.017832981105887824,50,18560
0.0420683335551274,42,17118
0.025833213034580305,44,16124
0.01862106328005586,42,18040
0.05551387383406803,26,16639
0.05587650991020032,42,18228
0.02667457643426896,34,17106
0.03335770936478366,42,19101
0.039965350906098096,48,17162
0.06253332965593628,50,17890
0.05513330991357157,41,18299
0.038617498245783644,47,18302
0.07440714526190018,52,16200
0.04244229552725254,64,17337
0.05230839139991572,46,18390
0.04728404490287297,33,18750
0.04669813439927961,36,16756
0.05100952553857896,47,17678
0.03636957509208727,40,16385
0.025062820114621687,22,18233
0.02426411418530494,27,18156
0.017392880939759103,65,17801
0.0360691454868739,29,17873
0.03420151065599453,32,18130
0.06011794866175557,45,17102
