0.2687341462338134,24,9599
0.17413361857745324,55,10132
0.15361741890060776,26,9603
0.1594917164648182,24,9756
0.28946227987046236,27,9795
0.09463027332406493,33,10233
0.2582647169373926,31,9364
0.24872691309707173,22,10364
0.2568706808038467,38,10209
0.5925125180085109,21,9688
0.053903411853976735,53,11311
0.21589778439761187,23,9210
0.21241838586293704,25,9989
0.19205689818356408,20,10457
0.28570629977749396,20,9464
0.20104862493555842,86,12326
0.1649935577504973,25,10227
0.22814265516319943,27,11247
0.050991685508338214,43,9816
0.1690175355142911,26,9994
0.13340061973744888,36,10194
0.0692228562286824,31,10177
0.11917866187009873,30,9917
0.22787829449550945,22,9932
0.1613364471997314,21,9659
0.14109391651848624,34,9683
0.23360437308665438,24,10037
0.27129491017772633,22,10366
0.23044519754096038,43,10435
0.2612331032024551,21,8461
