0.9789232928951123,33,1612907
0.9808308782653047,42,1619853
0.9727855002710891,89,1626002
0.9903197304672507,122,1598317
0.9900471355743019,64,1643303
0.9951484251905913,61,1634121
0.984253461707214,38,1623890
0.9858470571691332,33,1615584
0.9902797551064736,52,1648702
0.9754408103366433,57,1634489
0.9828781707864447,28,1630110
0.8871230209387786,69,1732506
0.958745536414263,63,1592874
0.9730051690813053,46,1601775
0.9934567451307532,38,1595303
0.9889162400180606,119,2865364
0.9809017529003099,42,2854152
