0.0724437652163411,14,32624
0.10981932904903136,44,37004
0.055631181635005356,29,31465
0.01985829141636275,21,30197
0.040382877717578536,28,33304
0.01753717204595473,19,31506
0.02997714945726071,35,26227
0.0253869509825303,13,29962
0.035420318302485376,23,38058
0.040165322059887654,103,32278
0.0036103044034561105,52,35250
0.0651685791078952,67,38440
0.14639278956315183,55,35261
0.02254628807571335,39,35209
0.06629383175875048,17,33429
0.37993350799366854,128,34757
0.08590301618397178,43,32811
0.05511995205689335,31,28606
0.03916084910956552,28,26541
0.10157369731672006,69,34227
0.23800964416660408,34,34980
0.04155370973737549,27,30079
0.014650936153512317,37,34186
0.02311765848039249,31,28191
0.08362066633118825,28,34088
0.11530164399303455,13,33388
0.025386950982530077,12,29047
0.19397785760685549,11,27713
0.06359769750794408,39,30119
0.23146109751698607,12,28637
