0.10088695829674765,24,15979
0.3128468380155338,35,15798
0.22901508594226316,28,15299
0.0,9,17267
0.0,15,15584
0.0,15,15850
0.0,12,16335
0.0820043092550865,34,16593
0.19746740333767676,21,15425
0.0,9,15233
0.0,11,15300
0.0,9,15827
0.20302712923820554,44,15542
0.2789889271994206,23,15447
0.06178058140753473,38,16676
0.09122498015524327,30,15999
0.2453669795510821,27,16192
0.09156979107299246,41,15366
0.0,9,16731
0.10231744623396022,24,15727
0.20404178223686698,48,16233
0.21589638432732694,66,15900
0.0,9,15242
0.23120013334711353,91,17991
0.1074177188882558,34,14906
0.2527879987184909,25,14181
0.0964304077817908,28,14739
0.03837518291924269,25,14821
0.159018637817389,57,17491
0.06405475226324797,35,15064
