0.9583858203641136,48,34983
0.9823877730742289,50,38068
0.9633101724578973,62,34328
0.988483267954944,51,37045
0.9749858980630728,43,33856
0.9553310176053247,33,32074
0.9946129913850127,36,31465
0.9858875630651404,78,32722
0.9864566412390067,176,67541
0.9843646490962381,69,40651
0.9767389448933141,91,48053
0.9809166392746035,31,32816
0.9820412176356945,72,38873
0.9544851625770245,91,45228
0.9839679175958177,46,33930
0.9904058359258052,24,30046
0.9808518249501482,34,34113
0.9890504400413781,80,35427
0.929435920774556,89,42135
0.9963881828449133,153,42573
0.9762642903342208,27,32217
0.9782828805681272,43,35259
0.9921209003096598,56,32456
0.9650280573851567,44,43888
0.9848053754032019,47,32457
0.9785491759870395,92,48718
0.9792528582402413,53,36500
0.9460487697378459,72,42764
0.9879732177906351,50,35123
0.9203622679829441,63,40039
