0.43349874002953903,29,15383
0.3906091672029586,55,17977
0.1619750563351584,49,17131
0.41504667443462573,187,23537
0.3220971245743425,44,15425
0.5110655942532214,49,16604
0.4449553629415509,46,17227
0.26176351250253926,48,16123
0.5957482233850389,110,19049
0.22780385668275804,65,16916
0.35862219535654494,35,16308
0.4830221273665918,105,19485
0.3486544748807918,35,17332
0.2709981818607231,100,27812
0.2966748553789432,65,16488
0.3848190412358261,70,17008
0.33091168262336346,34,17119
0.33722003704198,109,18127
0.21159867177367386,70,18357
0.5005380339818234,27,15843
0.2560936379382246,95,18903
0.5515230014625747,30,18255
0.35409887920648875,58,16707
0.31057548675031754,56,17637
0.13870164343490032,73,18990
0.3985755867129043,56,17810
0.3484944727503726,73,17162
0.26967531215810325,31,16356
0.5379292481594422,27,16626
0.36178833040695113,142,21499
