0.11202751842008274,39,17497
0.33958691896890303,22,15920
0.2037076156262454,49,16210
0.10723386703317273,22,15120
0.47388691302049457,22,14479
0.0,11,16239
0.15081788161579812,76,18014
0.24441280176242874,53,16649
0.0,11,15540
0.0,11,15510
0.042717549044335446,24,14032
0.0,11,14756
0.003136002533798754,26,14596
0.2194865171806587,42,15535
0.0,11,15358
0.1290080464058011,32,14999
0.2598666702202831,19,14388
0.4286766571809778,24,13887
0.00943414158723832,38,17078
0.019617045418092727,26,17154
0.24164854685849047,40,16494
0.16061203918338385,42,17061
0.0,11,16016
0.3116852059527171,21,15999
0.3111149346151554,22,14304
0.3937897008328738,29,14844
0.09912630575228809,32,15893
0.436142704754539,75,15201
0.06911121864306546,58,17285
0.09724643103560537,155,21518
