0.14836704243112075,39,12050
0.0,9,12473
0.10838083552680355,38,12151
0.0,15,11758
0.04210963764580489,40,14067
0.1313348855958415,31,12082
0.03802022683081252,41,12848
0.10973886302198244,84,13868
0.026258073901653356,34,11915
0.08937150629634916,28,12029
0.034200757347090716,40,12783
0.227367130473081,28,12539
0.0,9,14268
0.2100478795299977,79,11417
0.0,9,13470
0.16033041700644868,34,11801
0.0,9,12305
0.15100900766952718,19,11815
0.10659623347699199,65,12445
0.0,10,11713
0.0,9,12459
0.13313532065291545,35,12237
0.0,9,13103
0.08336839034043952,54,13612
0.0,9,11752
0.1744283085034013,25,11310
0.14887696404631234,78,12660
0.07614265053955216,87,14007
0.18624206932760634,30,11522
0.2727061403766843,34,11950
