0.34324643743602157,45,19917
0.20257112794354837,24,19331
0.0,21,20754
0.1913647138951271,49,21903
0.04732540259445106,48,20491
0.07468197785957664,101,23187
0.20762888398650192,31,20370
0.2275029279955657,33,20281
0.0,17,19319
0.06171346477431805,60,21145
0.214845957756289,41,20610
0.22764182893945928,51,19853
0.20425644252269437,26,19043
0.12853109185708378,55,21433
0.30657155016714177,38,19422
0.1153510148844924,36,19753
0.25867382416834583,86,19729
0.32716764096014284,41,18642
0.3917822431272291,18,18340
0.3122434526560901,40,19530
0.18017401219145635,27,18568
0.16698553574782427,40,21528
0.0977476345128736,54,21786
0.0,15,20849
0.2603057219423217,60,22360
0.324394812095819,67,21634
0.22214542751622346,37,21449
0.3679392080449815,31,20207
0.20763302217290058,52,21105
0.1960291533677171,50,20995
