0.21737557154889142,35,20577
0.07712862364880657,50,20509
0.32913203953188785,24,18454
0.15806629571939612,49,19173
0.23346907407891593,76,21842
0.22493204210723416,97,24340
0.1686246844199396,51,19802
0.29256087562543276,42,19741
0.3131592244391028,14,19232
0.354861706572114,25,18608
0.2513255387015615,32,20141
0.0,15,19763
0.20108346681978218,40,19498
0.26632238187255164,34,18159
0.21733714354031597,27,19296
0.1261345333908881,35,18844
0.289925537996214,26,18983
0.30211097110642515,60,20868
0.06980153141031098,44,19720
0.24161151522808433,40,19981
0.3714790346482666,18,20210
0.22548680472999372,35,20662
0.0936337238874948,52,20931
0.0,15,22893
0.2841506594776865,27,19786
0.11355911180409173,41,18936
0.0,17,17836
0.023991472965517402,34,18500
0.34284686499959494,27,18025
0.2749662738268678,33,18474
