0.7893124819977207,39,1603321
0.6509610095742744,41,1609970
0.7512001716131986,39,1603401
0.8928853450645139,29,1598160
0.6904181163261061,20,1603742
0.5855830498087994,39,1616601
0.7117381981656508,24,1673419
0.8319063175704023,36,1615531
0.7333476157187901,35,1717646
0.7272534238251469,27,1723198
0.7452095953698294,29,1648723
0.7034832848248231,42,1649986
0.44637206796075146,64,1631507
0.6852829368611373,20,1576636
0.8943147902060806,22,1601079
0.8167060098944294,16,1729374
0.6834083184314979,28,2776778
0.6755907460778925,82,3171808
0.7162019485268628,23,3181073
