0.35566566750417206,25,20121
0.35593580319575646,23,18660
0.36171661873310856,32,19122
0.32784855156444725,32,20206
0.3560899911121751,29,19985
0.11270489177763643,38,22834
0.36064429677609866,22,19668
0.36843837214745656,21,19531
0.33742577713638255,48,19562
0.3599156257876033,44,20298
0.2843753526557531,40,21338
0.3745675248209883,53,19311
0.34756158814038407,22,18376
0.3197727115194723,105,28331
0.10384406292072113,38,20526
0.35605314906709595,24,19015
0.17264253273922736,30,19184
0.3740288062185645,21,19804
0.35299537328028885,37,18993
0.058588456792603605,34,20160
0.3721204509006547,32,18494
0.37609140990985923,21,21353
0.07075729327697078,40,20313
0.2325981911102769,29,20299
0.13510393873113358,24,19576
0.356829617041059,17,20382
0.15616511337351024,46,20679
0.16721165491125467,67,20753
0.15757833417337763,70,23267
0.10007062749007711,30,19816
