0.9831262130772296,26,17610
0.9806819542082129,47,18852
0.9746932812240565,97,19696
0.9607987737843027,93,21736
0.9813594392625362,43,16756
0.9596722072864697,55,20723
0.9749886573917922,49,21911
0.9787964178951238,59,19728
0.970854789829321,66,19797
0.9757400378112414,50,17458
0.9784397324377521,89,17580
0.9681333741108294,51,18823
0.9660304894455446,76,19580
0.9853941486969601,16,16311
0.9867356013907227,15,16097
0.9666499555399177,134,26905
0.9553968685101991,95,21765
0.960501330548052,69,20213
0.9840048547182318,39,16223
0.981219428434659,64,17323
0.9483601721934632,124,23065
0.9810942281961182,49,17106
0.9807470697521208,38,16368
0.9763185277649198,67,20288
0.981677265831094,80,18179
0.9380065782087277,95,21502
0.9823066627044549,25,16526
0.957738668505842,82,23656
0.9647181276942449,79,21357
0.9817584016743934,48,17772
