0.9129870504335759,50,15965
0.9605356402038295,23,14865
0.9764382404488069,49,14346
0.9625979127380525,69,16240
0.9821948280924802,29,12801
0.9642820895002925,34,15449
0.9786875547613758,67,16763
0.969132055479123,130,18492
0.983125884960462,31,13108
0.9829372762200022,26,13362
0.9896593960025847,94,14342
0.9417147392246837,65,16529
0.9822628885520736,52,14108
0.9741035437941027,44,14314
0.9866003713314421,29,12842
0.9700157334274349,95,16599
0.9525786812986319,45,15133
0.976383883419242,38,14881
0.9850304515468457,25,12505
0.9811569581998865,78,16177
0.9803099027623823,52,13681
0.9827531276462698,48,13766
0.9827022489532602,22,13101
0.9777886800782544,28,12796
0.9812373586153104,39,14940
0.9424274647186315,140,16405
0.9575164307396846,72,16583
0.9722616018382454,64,13778
0.9548496451276437,125,18631
0.9593126588373535,53,14956
