0.37089047846533263,32,21077
0.35593580319575646,24,19304
0.09827833514849993,62,22771
0.34322094982671236,39,21791
0.18168817330282594,44,23086
0.3578293389843734,24,19265
0.35679953003622755,68,19668
0.3565817117372717,37,20214
0.3573868646157746,26,20552
0.1369952664855023,71,23359
0.2019354920860843,35,20724
0.34298001556709834,32,19627
0.09391761774670626,62,23165
0.32477397892647053,32,20120
0.25862460209252536,41,21229
0.35016777070469973,28,19353
0.3579537052409115,23,20777
0.303220687943093,61,20885
0.14157853089227235,38,21158
0.0770868495822149,80,22182
0.11462718652506143,111,23010
0.14083803380621696,31,21955
0.10352930370264657,41,21742
0.1774094484183284,55,21945
0.20351220326720842,40,21787
0.24527268064895325,55,21239
0.13526632090264357,35,19528
0.355706507055471,22,19021
0.33180355116666616,68,20750
0.10230963301960383,52,22007
