0.1014650096400651,61,1608901
0.20436071245513587,21,1608638
0.2947307158721981,28,1586948
0.08716335411526133,26,1593149
0.1537035690851326,27,1594185
0.04268180678876965,51,1605136
0.09050009786526003,54,1638752
0.1730202748738825,23,1596432
0.05473175175629397,13,1588777
0.027382545037141215,23,1614711
0.24095079253330742,24,1650698
0.08619137736447013,46,1603780
0.15431743698411937,20,1582192
0.10247498837926494,27,1638384
0.10364906388267048,56,1604431
0.06288937087524293,31,2926371
0.1833975337360947,27,2804727
