0.03505096449708567,73,1597671
0.04673934205358021,31,1601562
0.0415133022049925,40,1609671
0.020484479460744165,36,1592123
0.057715689548229365,28,1612484
0.05522541058887409,27,1615698
0.037234243573592396,35,1710120
0.01825904001571521,34,1726787
0.11522299436872419,38,1586547
0.04633691865192713,18,1631625
0.16865863163780237,34,1588223
0.04130419054844148,20,1601222
0.02604951898967789,26,1571851
0.08118136436822498,34,1584318
0.05934246715206393,40,1672642
0.0239013030105375,20,2815864
0.03807029893812908,36,3091901
