0.1250396900951215,33,21480
0.16710307476379394,53,22827
0.11991024602250555,61,21724
0.5945328817157691,66,22505
0.07255022603677397,22,20026
0.0,25,20831
0.16627434444176004,32,20467
0.2007976401918845,37,19957
0.9340697433873264,24,17819
0.0,29,21268
0.0,21,19918
0.2420933702757111,31,20122
0.5316637022842717,51,20144
0.8003741265188843,50,20392
0.5433092840016169,65,20728
0.4169757760798555,52,20682
0.7487048723498516,23,19790
0.07702506390207231,86,24106
0.023634368757299518,25,19299
0.7385185734768649,64,22829
0.6720780369313213,42,20934
0.028137126789083866,26,20110
0.8521094001489445,29,18061
0.1010741310403569,50,20395
0.04897627542936889,25,18931
0.2688507957589301,88,22456
0.6976231439216735,218,28873
0.14586637641832811,27,22163
0.2502989512917416,79,25624
0.1976641258376839,19,20034
