0.4028907750363937,37,20374
0.3597101025641877,30,17132
0.5333276641288476,138,23009
0.005523017215039228,38,19075
0.002827976224009321,21,17726
0.04935908657578125,43,17046
0.010380326242481419,22,17745
0.035297971801554695,51,18541
0.5534521263157393,46,18706
0.39128272789314933,23,18194
0.1318431651312728,7,17900
0.3384446064905642,31,19247
0.007975489031167848,32,18378
0.38011965807810566,54,19102
0.3546859901808108,75,20636
0.3972021750156616,29,19909
0.10028682659850596,22,18125
0.1318431651312728,7,17955
0.005787739324332075,52,20275
0.15140959823998845,65,19974
0.043465281441878445,69,22521
0.43584608929343505,23,18283
0.01739029794603386,29,17482
0.1318431651312728,7,21809
0.02822645275041402,42,20506
0.3113449215780224,23,20150
0.26759645205383165,60,19945
0.2682611572570819,60,20383
0.02266567609714254,29,17002
0.30484342395641306,89,21287
