0.0,7,22697
0.1318431651312728,7,20604
0.0,7,21328
0.004496651290115672,26,20869
0.1318431651312728,7,22504
0.0,7,20506
0.1318431651312728,7,23008
0.0,7,20174
0.07532276141320071,21,21201
0.0,7,21377
0.0,7,24201
0.0,7,20793
0.1318431651312728,7,19956
0.11444545214223123,28,20675
0.0034534911780639277,20,21955
0.0,7,25423
0.0,7,24929
0.033595301154633495,13,20675
0.009501248520510264,31,20689
0.1318431651312728,7,21824
0.00835572509992577,20,20991
0.0,7,21512
0.030375093210363024,27,23490
0.0,7,20652
0.0,7,20084
0.0,7,20643
0.0,9,21815
0.3266466756625389,21,18870
0.0,9,21991
0.0,7,21186
