0.8985328863829389,71,10282
0.9389376524090219,14,9143
0.8406021422993898,84,13751
0.8207108948264147,76,14016
0.8257553049621909,69,10822
0.9330480094872469,13,9272
0.9111939395563436,61,10162
0.8801278539533334,64,11585
0.8771754050118449,56,9480
0.8536696906873031,58,11587
0.8791400853275713,74,12243
0.8808705066298965,59,11034
0.8194627595015124,49,10056
0.8925754842030708,44,10628
0.8501164230784043,108,11921
0.9005664282134073,88,12111
0.8987318617893781,44,10417
0.9232405781005917,28,8874
0.8427105866610994,78,15107
0.8983353858500279,165,14595
0.9213270993882154,33,9874
0.9094987083594238,168,17711
0.8821638107432144,40,11243
0.9244553038433738,39,10724
0.8875316138542942,57,9827
0.8800205228023616,41,9600
0.8718225036053768,64,10556
0.8710962731723109,51,11146
0.893291320517646,44,10249
0.8691448965234203,56,9952
