0.7608908028677648,54,15948
0.8307239223342213,39,14776
0.6973062423144867,31,14393
0.7051375524681899,22,12909
0.7350525015393014,40,13526
0.8841750108257111,28,12771
0.6768564122040281,22,13253
0.7627179850027489,70,15409
0.8372359368653306,42,14520
0.8534305676573647,26,14118
0.7902716559644938,62,16061
0.8294570487740289,37,13040
0.8654686914203233,18,13369
0.7782993507421093,32,13330
0.564350972267661,42,13804
0.887545017736607,41,14914
0.5686872706357149,72,16591
0.7305051774674584,33,14573
0.8917267323153211,18,12915
0.8082281237131216,30,13129
0.7403878166973024,30,12985
0.7575572700836384,29,13523
0.6737829654642299,26,13411
0.8350132810296392,37,16352
0.7705723195163077,25,13957
0.7167711647561075,42,13634
0.725623705564362,71,17142
0.7988840517094984,18,13151
0.7704104382414538,40,14101
0.7875859995156782,20,14563
