0.8094870545952038,67,24779
0.9278433483258137,42,19218
0.8956019679184333,33,21082
0.8207636340028511,60,21918
0.8646021948421058,80,23814
0.9167085287872951,79,21438
0.845654413871686,87,20938
0.8583984019236548,61,22086
0.8971694272757164,28,18385
0.9419553850119796,31,19435
0.963689061432507,42,20849
0.9551558621502051,40,19757
0.859550856401498,69,21523
0.9572412082586054,101,24923
0.9499687572360287,80,19781
0.8516931791874203,54,23110
0.8180948198128561,68,25358
0.877337079738625,113,26662
0.9430075355272189,46,19917
0.8568041735844767,58,22326
0.8340144624532344,61,22169
0.8654490727014736,53,22896
0.9511826549343749,117,24128
0.8119046473063678,86,24912
0.8446982965635552,69,23244
0.8820630186687621,35,21099
0.8839525341398289,85,22348
0.7825775934857228,68,21515
0.9119354387214935,65,22603
0.8743666341093267,46,23102
