0.06662545252096252,34,12218
0.017670020703095313,55,13422
0.14213569555621042,26,11217
0.10311743828482756,28,11297
0.04158508278146644,34,12424
0.14949930651530152,33,12281
0.06834626306590841,32,12158
0.0579982489807328,31,12140
0.032425390751288474,32,12327
0.12149185525919282,21,11725
0.024903630463525617,102,13648
0.1793330018167656,21,12520
0.04474379303892595,28,11862
0.0854322902850736,26,12495
0.09048838120194636,31,11927
0.04369719245008086,62,14459
0.2647168593346506,35,11368
0.039541178933646726,31,12630
0.11823946703752075,35,13020
0.27369961191619585,10,10961
0.22623842738888078,71,11291
0.14454049806456992,20,10819
0.06630090647321729,28,11553
0.08575069351991427,22,12723
0.1685480899333901,34,12623
0.07838041461762801,20,11854
0.0956769082099399,30,12490
0.07262708954084196,37,11807
0.03209831871466717,31,12495
0.14150867242102183,25,12415
