0.43048929511117395,41,16238
0.13502723913469994,52,19229
0.07197311919358407,49,14555
0.0,7,15375
0.14842933397622116,48,17897
0.04098610722244789,17,15777
0.3471018731878245,27,15652
0.04755076337413022,68,17612
0.5495882711768045,34,15646
0.4481646316787985,38,16457
0.0,18,15957
0.07167819493179728,48,14891
0.0,12,15450
0.4466528610714996,20,15781
0.1318431651312728,7,15935
0.36736202946714536,45,15906
0.016689076426147476,106,17419
0.25849505853187404,46,17070
0.17096851923417478,35,17089
0.4599705978462614,28,15480
0.49033435847314044,59,15980
0.3508564848001714,58,17990
0.23852337475609664,28,17646
0.0,7,16406
0.26045364720554487,24,15514
0.0,13,14765
0.23816434875226922,26,16170
0.4370285769606306,24,15068
0.495624148495988,19,17809
0.5710128916907954,29,15997
