0.3018876873564744,109,15815
0.2609696065378522,156,22202
0.14371865171671216,40,15056
0.41819295612899077,22,15816
0.37013005709320224,55,15720
0.3940206373966231,202,23882
0.16406085538171744,72,20174
0.22842402633388126,71,17697
0.3616735909110196,23,16012
0.13714921669358837,80,21733
0.3449367001763217,79,18565
0.4178187936143589,51,17395
0.36640286691870394,27,14009
0.21033785358970392,113,17688
0.27481326272027873,139,22826
0.19434807997903325,73,19118
0.3527060203812423,58,18251
0.3372489326981535,73,18593
0.3474245990267635,29,15445
0.28838337806090386,19,18131
0.3666663533863693,44,15596
0.3844525903884861,19,14661
0.24622437742894132,86,20816
0.36320817765623203,53,16454
0.13764272214416529,106,17912
0.38391499089050396,61,16423
0.23748300093133834,46,16304
0.3419816168865889,50,16515
0.3642626666600969,43,16000
0.3086699714264516,112,20002
