0.2340604076906606,17,9162
0.23011167314001224,22,8908
0.0830220750988806,32,9486
0.25189729091162505,22,9615
0.2563034291048103,36,9692
0.08195994837075327,26,9397
0.255441383070826,39,9781
0.22756462206696726,94,10940
0.27499202687130786,22,10553
0.21574719042640023,25,9171
0.2576581220404375,22,9434
0.13231409486621437,55,10638
0.12018320239505242,28,9409
0.12289026410721937,51,10776
0.08524732014664638,39,10119
0.1410438800416961,27,9052
0.08433294995224794,21,9413
0.048648208559957884,30,9804
0.26720919956188915,24,8930
0.1854568306331027,33,8749
0.2922381751722011,30,9253
0.07884735908609142,45,10222
0.09080621233339614,52,9486
0.5655743334292723,25,8805
0.1034247793993468,33,9396
0.2093543897683411,31,9769
0.23803986497710306,35,8924
0.2973117712109673,16,8810
0.261137919237291,30,9282
0.14310999174518513,33,9949
