0.03661444251089119,86,28852
0.12501855479580826,26,22163
0.5943811641190846,36,22755
0.40203148729394045,25,23127
0.05132247885493202,29,20966
0.1318431651312728,7,22639
0.43483797762843235,34,24828
0.37360193720310797,139,29310
0.0328198895503341,78,25409
0.015454578837419075,24,21582
0.10291870057579822,97,25627
0.019116993701835616,50,24620
0.513665052947492,35,23537
0.023551174267983588,60,28324
0.1271199475214959,35,25994
0.09577986528919469,89,24764
0.08936939636866936,44,25463
0.39808391791467,69,26225
0.3071873795545549,54,24753
0.38015679292222126,24,22113
0.07902366344440326,148,24121
0.3926027280460199,61,28064
0.3375602033024667,42,27589
0.5132561878093884,108,28988
0.1318431651312728,7,22578
0.015067646315438998,34,24972
0.3972890305187733,102,28553
0.246646330610917,34,25272
0.04277158841581419,36,28192
0.010211350438557365,92,28531
