0.9455866151005173,24,13639
0.07033104819384772,37,15857
0.0975564099609566,32,15417
0.7728721983752582,19,16572
0.1329112483835867,45,14940
0.8837327468433033,26,14519
0.045316816882688626,24,13992
0.04168605637088052,70,17396
0.11988890028173937,25,14606
0.1159533895821222,36,13877
0.6077776722441737,43,15997
0.8764588238074272,151,19297
0.7924970996611845,22,12846
0.516323527424386,48,15055
0.04223566517550914,47,14341
0.046019454971254925,23,14582
0.5417709104159909,42,16289
0.24318047625181372,39,15425
0.04561355826801561,19,14111
0.6628075478081465,31,15580
0.06618288694189112,26,15541
0.1777478554900218,27,14272
0.8257430962960259,14,15279
0.39377636339236965,38,16572
0.5946540201685986,14,12862
1.3322676295501878E-15,29,17167
0.8047803752488975,29,13964
0.9280892785076584,41,14827
0.06414649862344368,33,15265
0.19054641756189583,46,17329
