0.9594929088426163,171,23910
0.9462935060816251,102,19816
0.9318547703717706,127,22680
0.9039838689198333,103,17711
0.9576077416148933,43,14804
0.9308176531963319,147,23685
0.9335482555405166,136,23108
0.9312674992779219,131,20795
0.9539119162063117,102,18583
0.8809447594243982,59,19023
0.9363756614751073,81,16407
0.9623741058421345,41,14550
0.9603059048676902,62,16012
0.9458502477132187,67,19494
0.9650451190501104,88,16385
0.7856719815516048,179,23843
0.956774149892297,156,21425
0.9366987261155477,127,17433
0.7908116990246113,139,22440
0.9439172825342778,98,19626
0.9355635904001338,133,20882
0.9264989314200105,66,20568
0.9151830243247595,89,22315
0.9417721783242181,62,14530
0.9413154927643274,72,17137
0.9367256448171914,121,22953
0.9454404566526775,120,20128
0.9311207097084944,39,17132
0.9575769601139269,211,22346
0.7928778755638783,59,19702
