0.143885120839642,28,18185
0.18278756216004166,63,18239
0.3433518748109107,54,16700
0.1185557712950559,33,19596
0.2151696176378618,52,18174
0.35270770508170357,39,16976
0.2794772584427977,25,17861
0.25163351664110556,42,16803
0.05760948052248671,59,16640
0.33353531620304533,92,18012
0.35736014170561725,26,16553
0.1623841811423271,162,25025
0.1933166105638403,155,24882
0.3547089146456407,23,17013
0.3770869936559974,21,16879
0.34519175326569607,49,17313
0.319422622510687,139,23482
0.349076653755126,36,18416
0.13275980516924757,97,19388
0.08559908974823649,78,18672
0.35952046415887884,57,15738
0.3493013193487122,25,15721
0.08980877210599902,58,19605
0.2470232248406795,44,16166
0.22593496705363902,17,17601
0.26417478546828954,35,19199
0.3726772867781746,46,16967
0.05641167927070989,51,19037
0.3422996420934008,50,17149
0.33730487488970184,46,16631
