0.03734497228602629,22,19313
0.05128505670197592,33,19925
0.03171952986388815,44,21302
0.024890220550149444,43,20091
0.061727374251089984,25,19768
0.27779629413799056,34,19857
0.055187085163458494,31,20801
0.014884449490348617,59,23349
0.1645277338727007,33,21893
0.040288129784829874,40,21889
0.04925826229135932,53,20972
0.09558714314193995,157,33383
0.2150456872081229,38,22401
0.04186857144290712,67,21827
0.04753314634161987,50,23986
0.02877213010487023,40,22863
0.048853247519837883,37,21083
0.06266524535706008,27,19941
0.040482511740077665,37,22028
0.06368426000609617,23,22022
0.017951051045135613,29,21550
0.10375968385387979,42,23094
0.0904017950283933,26,20020
0.04293095476481068,60,24705
0.35279105696208535,25,21932
0.019315190722139386,39,21106
0.027635620109900727,25,21773
0.03697993961919255,44,21441
0.04309531561048929,19,21452
0.06813857783182631,30,21350
