0.4018738232135113,23,10564
0.3653186510373255,34,10306
0.3511361098152401,66,9900
0.3981189418742124,30,11107
0.30418825344884537,29,10072
0.33278685820331433,45,11192
0.4205351402696619,29,9914
0.3695263634652103,47,10924
0.4730951964203497,46,10345
0.42367832803547667,18,9571
0.3971568311222463,46,10713
0.28294837769288295,132,15600
0.394233585863929,94,14727
0.3537658075148591,46,10806
0.49931596996416006,31,10768
0.37775199611764765,46,11161
0.4521658888195197,42,10319
0.3524255351752842,34,11136
0.4024824212127064,37,10334
0.3407755123831433,44,11327
0.4167132458886511,33,10199
0.3652799512554661,24,10406
0.47947623262694594,27,12146
0.3376415716534994,41,10968
0.36568535662865254,25,9515
0.3738628127314755,32,9001
0.3581457966272077,29,10450
0.4044529952334164,45,12026
0.37285506378783817,65,13326
0.39423048902276736,26,8952
