0.3505714821439869,36,1669247
0.3691994704683146,33,1610235
0.3426076471646621,25,1600164
0.13184591240282417,51,1604310
0.26717920037545706,37,1598285
0.3565124672220402,24,1599188
0.37627025256466196,21,1695727
0.08797963546999543,48,1603930
0.39840041691584993,23,1578192
0.3509152457673991,27,1566994
0.34015716047862754,47,1685289
0.3539878391201272,26,1574468
0.3902939829578227,34,1586377
0.37747947093313816,21,1558603
0.3508886505862411,31,1583030
0.3389490846923714,40,1669163
0.36777904930275174,24,1581492
0.3701149846267835,27,2756393
0.3638116705735336,41,3154927
0.20793884384426164,29,2810328
