0.9365828886398071,16,25527
0.6374382779436741,94,27891
0.830488285250308,15,24571
0.43310105671247257,53,27694
0.9086316811910314,77,24550
0.9337344433511711,28,23246
0.45941245162994016,37,27572
0.3259752399959279,65,24718
0.9533397589510917,34,24489
0.01838144424092858,32,25987
0.9539425219522618,81,27969
0.6876665154819885,93,30152
0.21110373636770785,68,26441
0.8508555230391571,30,20653
0.8683797408995839,74,29782
0.6994179015169679,38,22426
0.9311502773326705,115,30694
0.45211889785059045,28,23557
0.15336245753877575,40,24416
0.04065022685873276,36,27108
0.6799848165779343,126,31656
0.2580268106033501,43,23753
0.16777853862748082,43,22465
0.059169548647844517,37,22610
0.8421096001879077,18,30039
0.08217718350282877,37,25087
0.12955723018696852,36,22874
0.9242849612679538,37,22325
0.669898924437611,32,24713
0.846551981940205,55,24874
