0.025386950982530077,11,14363
0.27033854072811925,46,14858
0.021512207638544112,16,14177
0.018147091643307744,29,14372
0.012613484616923798,23,14325
0.0191969260588839,23,14309
0.009975336019124148,20,14614
0.04141872854976569,24,13974
0.11815702159706942,43,14622
0.0119581503731081,26,13725
0.0145058502836104,20,13861
0.08962244186684742,23,13305
0.07635166495508028,20,13846
0.016393681379936798,47,14624
0.0020277977624726384,34,14206
0.03622251548630828,36,14845
0.09466967515650493,19,13943
0.025386950982530077,22,14412
0.024982255181569046,16,14204
0.1265321665550242,33,15295
0.020066335425839577,17,13843
0.001845711067834488,32,15265
0.004557200017287988,30,14226
0.027330970527555842,18,13937
0.030266475929436987,31,14641
0.007728816378302139,24,14754
0.025386950982530077,11,13286
0.06714661026729973,36,14647
0.07420579697228424,30,14227
0.3696550837547622,14,13722
