0.806165392930948,142,15953
0.19724558787278468,27,9757
0.8863625575593777,40,9481
0.8364566833966631,182,15868
0.8878525270478883,19,10192
0.0598334777613555,27,9972
0.8573899636614057,53,10226
0.9355094354477583,28,10275
0.8152786834492868,86,13503
0.8771709591892043,80,10787
0.9026223241530968,21,10472
0.9273798818501215,35,9993
0.9393047140624935,91,9994
0.9044737848504579,75,13297
0.22833517548836535,30,9981
0.9225864763186258,22,9237
0.9051653155507784,39,10211
0.8415307804683956,65,12013
0.771562197789836,37,10506
0.848206342736384,52,10926
0.9326066813731528,63,11057
0.9379882821704669,48,9273
0.8828690568187928,52,11568
0.9309028987838919,63,11156
0.8166498009879154,73,12568
0.8841542125268554,32,9939
0.8602773720735404,94,14230
0.9182833708537641,84,10824
0.9393179667552455,26,10354
0.9093799828155861,37,10430
