0.9765072449347223,116,14665
0.9754844094567607,47,12317
0.9570651067800454,140,15568
0.9672398586204131,127,12646
0.9823906485145594,38,10733
0.9214106462066225,150,16212
0.9814183321996288,80,13483
0.9805918664736271,34,11716
0.9795228385553383,48,11914
0.9714989575481607,64,12706
0.9653929400493988,137,17076
0.9800089500305872,49,13309
0.9598289439886082,67,16637
0.9406198163873142,88,16461
0.9722150953621007,173,16237
0.9796241569235233,71,12728
0.9768969549230466,70,12943
0.9843335583791616,45,12056
0.9742099727866159,80,15372
0.989521773296784,50,11312
0.9550016751919707,72,13270
0.9461432340874423,122,13604
0.9821587194756356,85,13679
0.9818669345229649,50,13186
0.9685119097440318,75,13365
0.9575857947962582,128,16158
0.9372664530946899,92,14523
0.9872054366383415,25,11146
0.9803783314689257,69,11932
0.9720272511794497,36,12308
