0.1318431651312728,7,19909
0.0,7,19094
0.07531691630708415,30,19462
0.1318431651312728,7,20446
0.002203404675989118,30,18266
0.0,7,19690
0.1318431651312728,7,21966
0.1318431651312728,7,21561
0.0,7,19354
0.02290313100474184,19,17350
0.1318431651312728,7,20052
0.12085271369620854,24,19064
0.016177640968565443,20,19903
0.0,7,20541
0.05247475539112001,47,21786
0.1318431651312728,7,19883
0.0,7,19370
0.018744553469373315,19,18519
0.0,7,20369
0.1318431651312728,7,20964
0.044895501821481054,24,19791
0.0,12,19194
0.44676612671562144,42,19398
0.0,7,19467
0.00588234919490338,37,20838
0.012760161647558665,52,21317
0.01014084415067218,21,21452
0.0,7,23681
0.1318431651312728,8,20305
0.1464322361921807,42,19559
