0.873388360213933,35,13376
0.9019104940383527,64,17651
0.348918215605447,53,18958
0.7938600039784706,41,16941
0.11114079992107972,38,18286
0.30028865748959654,49,15210
0.5730598509871494,58,14600
0.912475355120901,42,16052
0.1267303853500441,40,18606
0.6808095241072798,101,26591
0.10168093409944434,22,13997
0.9346649821810061,66,15314
0.7296002612432226,36,13900
0.08717684707450513,49,15815
0.15457809164074943,39,16746
0.8664967694181486,34,16145
0.9703228289005245,55,15836
0.30586867296817155,26,15266
0.9526019433943878,44,11636
0.18641269988286935,42,16132
0.42677693759593593,21,17057
0.9328347676777724,20,14991
0.8614700762968732,26,16044
0.9281154476218364,45,16956
0.6407079585918374,108,20030
0.7293457298909365,61,15662
0.5416593436867925,64,16650
0.46128990654990176,46,18323
0.7569028542748671,57,18409
0.9390449548314774,39,15159
