0.3310425277391519,38,20602
0.29447053781106125,36,21272
0.247321719474908,45,21329
0.32055121942845477,37,20565
0.35791441382116596,19,19809
0.19806733596653203,49,20594
0.25449597218319986,40,20084
0.25440633085656583,40,19385
0.2974472539864862,59,21643
0.4147147038559329,29,19501
0.3005014592049662,20,19038
0.2574174698181916,26,19235
0.124550621837342,34,20389
0.19427760081813417,70,21474
0.26656776942758476,30,19323
0.26836460159689,37,20289
0.3056139872820466,20,19081
0.4210259039019967,23,19039
0.01790252505349188,31,20236
0.2601882087886144,24,20707
0.19539972440943,31,19845
0.32647663105932656,61,22415
0.15794593197186735,56,21531
0.37411153058798585,52,18491
0.32847583193173635,22,19662
0.3502667643653329,29,20572
0.2782048778180767,22,19723
0.505042595983122,71,21413
0.23852315984359518,52,20578
0.17754774225127823,47,22186
