0.9794729604576276,146,20883
0.984634838603977,23,13487
0.9775350391756752,37,15085
0.9516321189920404,49,17322
0.9817342206147128,41,13549
0.9875018175456024,24,12123
0.970181746170123,106,16295
0.9702868821148117,175,19395
0.9739193434411307,32,14568
0.9782901337206398,132,19672
0.9762612995939749,79,15900
0.953648896451931,61,18423
0.9655501124956883,133,18978
0.9798790914452782,33,14257
0.9658424511398088,233,20645
0.9808031459508676,50,14410
0.983827715507038,19,13272
0.9842202595706296,67,16034
0.975577145691512,61,14540
0.9753915609360159,104,16994
0.9645068180160561,62,16245
0.9764920589434828,81,17489
0.976315812416795,63,17965
0.976977383211798,66,16175
0.9802101510292726,59,16117
0.9844521661801777,24,13842
0.9816302715269251,109,16077
0.977634853519528,37,14805
0.9743937272217814,64,17847
0.9810811116564939,55,15046
