0.9751735150002421,73,20527
0.9667893356858553,130,21184
0.9827509956057529,67,16767
0.9462070428604442,115,22665
0.9717379319947774,93,19714
0.9500829969766126,117,23336
0.976095064567674,73,17667
0.9814246549681747,35,16952
0.9646095703001637,118,19574
0.986446919987949,55,19376
0.9665646028611342,80,18351
0.8425790810448096,98,20167
0.9822874608550827,29,15043
0.9811319232416513,31,15884
0.9863357130638509,50,14942
0.9723081469597842,65,17776
0.9654311176163931,138,23205
0.9914252436777605,51,15788
0.9830110101887722,28,13770
0.9709934818266709,118,18114
0.9774528122656354,83,17744
0.9680965579690212,120,19325
0.9660263879041059,59,18916
0.9791365587012034,35,17422
0.9738220959502972,56,16151
0.9466762805655233,58,18634
0.9799881601783389,40,16380
0.9714560949242381,73,18822
0.9786550002046599,146,22363
0.9806292669072939,52,17342
