0.07753429219509556,39,20000
0.057664245102075684,20,20916
0.04392068055883125,26,18819
0.06215167881253336,26,19636
0.06646501122158299,21,20871
0.020813635828517252,42,20578
0.027416321780420083,49,22194
0.05970280610626477,19,19820
0.054155532875281076,22,21485
0.07306672873589459,26,20053
0.043330016884274514,41,21493
0.04771907230407957,17,20716
0.044315473666998395,23,21057
0.024906355901745836,63,22180
0.062312587297163824,17,23791
0.02091284190302478,43,22184
0.0562791181819865,43,22391
0.05755038814889413,24,20455
0.03446177806997053,24,21666
0.08125096482985772,45,21072
0.05323222716317888,26,20568
0.057664245102075684,20,19970
0.08079640517215259,36,19980
0.0403004085895482,56,21567
0.07002035409234586,39,21614
0.052316386629509215,39,21442
0.03730874386509753,60,22884
0.030849967684928092,39,22155
0.0858010510931898,18,18916
0.04261370808219733,33,20530
