0.40686782044139413,30,16235
0.11846382990624194,84,18283
0.3883832872429335,62,17000
0.24422275848972486,27,16183
0.09508577098110016,54,18458
0.17444996317955108,76,18779
0.3360038725118981,31,18455
0.2313987235157049,54,16248
0.4419624536758622,43,16634
0.41534214452362184,42,17325
0.2725815580053954,31,17063
0.3234512323801121,24,16609
1.5543122344752192E-15,21,17209
0.30965887677792236,47,19039
0.047112344813825535,53,17385
0.4415118005393923,32,16144
0.34458113875968843,30,17038
0.5363057257012809,47,17692
0.2517521018377701,27,17346
0.3820392172398437,46,17713
1.5543122344752192E-15,21,17806
0.17914794663561506,44,18154
0.2773685220941938,37,17176
0.3675721256006297,22,15689
0.28758315812347035,50,17476
0.3093901035520267,66,18223
0.17018168740049122,41,17152
0.4107596804127116,27,17219
0.2537705251638862,44,17692
0.31237518280744914,44,17337
