0.38808701150681113,54,19398
0.6882782234984075,60,16764
0.5103243996265905,91,18600
0.6583836147085845,38,16999
0.3382714700452387,84,17958
0.3258314971711701,89,19532
0.3612306870444725,74,18489
0.3359483029590312,35,16342
0.3616022609923485,73,18695
0.4160199889870396,39,17010
0.6455360442311503,38,16298
0.35854000504492367,62,19204
0.16068594644413337,48,18356
0.30834602603222394,79,18564
0.20922934209704735,52,17777
0.28406636213907477,61,20119
0.357560296787659,99,20760
0.32408333203429196,30,17640
0.2810644112950097,37,18629
0.3953914994723945,27,18201
0.28842955878153376,41,16086
0.32968942994957584,38,18009
0.19413350265964013,112,18807
0.28599221126907337,68,19277
0.5266212767878937,83,19587
0.01957547577836527,161,23834
0.4078967515694072,52,17264
0.7439938826053323,34,15175
0.2725657723206317,65,20334
0.3535776718596202,80,18141
