0.4517459505162216,18,1622723
0.35715588057508507,31,1619743
0.34215556426177385,32,1621633
0.3969041428616952,20,1594260
0.355429802311496,44,1618737
0.3745006196296683,19,1619335
0.4137765137685968,17,1598267
0.35214281369346667,45,1595365
0.3432918833063855,40,1713963
0.3761391463294461,20,1605467
0.3453166157701555,57,1625738
0.41205931668775986,20,1610741
0.3975308385652445,66,1576140
0.3657228554384899,31,1588247
0.3947186521520938,42,1583971
0.36376890120397987,44,2842862
0.3999941384071347,19,2813137
