0.018021613251828383,20,9832
0.016363991186815863,20,10459
0.15051673686839084,27,10434
0.025386950982530077,13,10294
0.012684343152544741,21,9467
0.052289873981207546,22,10044
0.014022801189698675,64,10377
0.030290490372534395,18,9820
0.02145403540491342,37,10008
0.09424788759309022,28,10492
0.018390215681569178,26,10490
0.005932581631148404,27,10635
0.10387208602414666,16,9913
0.02077387867550584,18,9718
0.01893880943894599,20,11397
0.028042279158399963,27,10682
0.005956653570717396,27,11106
0.11989671682132241,49,11448
0.0567061062505706,61,13511
0.030873724301647032,33,10458
0.03651747343727685,32,10715
0.20981964191430114,23,11629
0.23087683617253818,22,9829
0.0173334798114414,20,9880
0.03163607396399026,17,10520
0.23009353819578493,31,10901
0.03679709414100074,30,12276
0.03951429567845055,25,12356
0.038773328503695415,21,10459
0.02077387867550584,16,10117
