0.3175949806524814,63,22109
0.3171845305572323,37,20118
0.37091342826338813,54,20242
0.6006660879640613,91,25310
0.4786078660621542,21,19545
0.26691119300876365,93,27867
0.626969305174017,66,22355
0.38980952898328514,28,21963
0.4514303363049388,118,27493
0.28154114540291864,41,20900
0.27347729179995517,56,22259
0.6763987088177614,29,21045
0.36535183880655697,169,30814
0.36784624143675004,45,20692
0.28047131002749615,29,18855
0.33237057588265806,53,22881
0.2561749328719708,41,21474
0.27423579794031727,39,21486
0.4444944729242698,163,30931
0.3059904917037466,74,25156
0.6561815185232582,60,20134
0.3475950809633773,50,21726
0.2553980875198699,41,22779
0.37147389244054085,35,22626
0.262258654849191,78,26615
0.3940029614907533,44,23474
0.27578592286548875,57,25883
0.3220082541364816,60,21291
0.23416432665538534,132,26546
0.29014149724504845,160,28500
