0.7314448903789055,14,9498
0.7819700322551895,30,11634
0.729288395244734,25,9778
0.8277789320601587,54,17621
0.7489791601351414,46,10378
0.8287739045896291,23,10956
0.7173904794295224,31,9838
0.6778163387351257,66,11435
0.7787199431952745,25,9218
0.7366578389434058,46,10772
0.7811854458497726,50,9818
0.8158270717890771,23,9410
0.8100307626902513,36,8785
0.889023724272056,32,11695
0.7182386543466242,27,9288
0.6027090303129143,43,10008
0.7652092152685748,83,12910
0.7260391765773899,31,10814
0.7426240008727103,51,11079
0.8906853201188827,34,11572
0.8609743529650258,29,9680
0.7100994112020546,57,10465
0.5926278645759565,45,9432
0.7300228061446374,23,9381
0.7633908351493908,21,9895
0.7126201804443162,23,9053
0.7605824914198808,28,9733
0.8149833643606988,108,14485
0.8984195305530381,32,11426
0.6963812391905952,97,14124
