0.3514017678602488,40,33927
0.2357084930130784,113,36015
0.11406151446689206,44,33493
0.3337891544682642,77,32520
0.38396227349748724,23,35589
0.15792724012502202,88,34348
0.3234301746074745,198,42742
0.3657850314976432,54,31988
0.3159796024312459,63,31806
0.054567047499538,46,32046
0.32756864108123884,132,32702
0.33657188049588194,36,29860
0.3044248580395136,118,37880
0.1496756650933131,101,35654
0.3189750135120667,85,34631
0.35039202219492604,112,41605
0.3011849204727185,122,36305
0.3090904185411236,51,34984
0.1837990960886181,62,36972
0.25316061763550457,67,36030
0.34594499813497614,30,31826
0.24226937742316657,316,41020
0.3723159036790399,29,31868
0.13648536627114605,163,32509
0.22875398108478695,99,34126
0.34217928205642434,40,34771
0.11092611993464385,36,33534
0.3921410234365479,51,29978
0.2863190346522958,112,33575
0.22010850306489183,132,32542
