0.9047253233167328,30,18434
0.8741765731470812,23,20847
0.01051166281770366,31,18455
0.7842135029700626,33,18992
0.8424780913214194,50,19247
0.8217577001753267,96,22050
0.8906377198171924,42,19059
0.8657082878000988,95,20390
0.8281906401492911,125,22887
0.8901337969140424,44,17600
0.8948113450934956,64,19541
0.7801404140697403,134,24579
0.0,19,18177
0.8990672491535885,39,18604
0.8720877039537428,66,19474
0.8591560734398208,68,20603
0.8757084561028222,65,19729
0.8631965792515308,36,20480
0.8623856298770967,82,20482
0.08261608968000023,27,18565
0.8388250383889818,122,20715
0.007548389031733271,28,19215
0.855014070363866,70,21900
0.8489103619386146,24,18522
0.8627020393218681,49,18468
0.11396104914203575,27,18136
0.8983140125169855,29,16977
0.8765975694703002,45,18987
0.05664647432479597,36,19626
0.7839009887191988,43,19852
