0.34084431906492085,31,12609
0.09535069953867215,30,13183
0.0,11,14098
0.04404459798965188,24,15187
0.0,11,13469
0.0019238642878446344,23,12379
0.3042309808338902,27,12522
0.005501501726145608,32,13380
0.006337299176005229,29,12669
0.002983011887822906,28,12352
0.34620991683371627,45,13619
0.04301887117502001,40,14000
0.22343027767659007,58,13282
0.09999858060961064,97,13796
0.0,11,12845
0.21124635577372153,74,14746
0.2721866900072131,69,14932
0.3652462626107824,33,12183
0.027564464448272208,43,13311
0.0,11,12611
0.0,11,13150
0.031586226588208643,26,12782
0.2993304972260712,77,16097
0.0,11,12448
0.1192883069197479,26,12755
0.0,8,13736
0.3348489113090397,44,12822
0.010972245176709583,33,13078
0.007470491064968554,25,11914
0.009306245206091468,22,12448
