0.06764695001542953,104,11287
0.09529764390032769,32,10358
0.2041665729985227,29,10476
0.1474156112764332,38,10893
0.14767349141962938,37,10583
0.1921827531264817,33,10627
0.3869126949368834,64,13227
0.1739642628540522,50,10825
0.06734904572899236,49,10240
0.07974365452378196,25,10020
0.5286019628304659,23,10066
0.039681045575561735,74,10393
0.0311073843886025,93,12471
0.11028440524237648,33,10488
0.23277900287793074,46,11027
0.4538602362942241,31,10352
0.1049283817251081,64,12230
0.2899934077124592,28,8943
0.09206849247231552,41,11522
0.20266413006928063,62,11369
0.09293910645232706,55,10714
0.14711511438501312,53,10707
0.13389978223240784,31,10289
0.0,15,10536
0.07240822779922618,50,9587
0.2756310533101288,45,10866
1.1142232261784901E-4,25,10572
0.21382730917490822,54,10992
0.0982255415991703,60,10215
0.08090851563870793,45,10951
