0.328148128987381,53,16061
0.361150651206978,23,15368
0.34133994594866557,30,15382
0.36936371694169334,21,15855
0.3583426088127396,23,15457
0.3548508932931085,28,15417
0.3771978050239837,21,15009
0.042601660071071135,38,16945
0.20576069408807762,24,16136
0.3500708749266893,23,15723
0.26556826250467547,35,18307
0.370547506491013,38,14777
0.3233455914642246,121,19112
0.24240613245242848,24,16926
0.3150672351703795,38,22286
0.15869192821962397,59,16423
0.3389288310146129,53,15667
0.3456119704727908,30,17294
0.3878320692158409,21,15807
0.20337369347638867,136,22443
0.3754106326315322,30,15056
0.33047765921840877,30,16029
0.36502173455049847,20,16573
0.36475879773095454,22,15192
0.34547642743358875,108,19428
0.1684876330361179,34,17395
0.03603137638962417,39,17377
0.11647477530642691,49,18430
0.36595435202859294,28,15559
0.06815866205491283,139,23338
