0.018101323365325772,22,20925
0.02287782828809415,19,21034
0.017668827282894206,24,20801
0.02419345574782117,19,20255
0.012684343152544741,19,20315
0.022762178243601383,27,20830
0.009291814696461786,23,20765
0.04690508510865343,16,21331
0.014189644831801296,18,20824
0.021584969929934528,21,20990
0.01255092818501058,39,21915
0.025386950982530077,11,20664
0.015175061449658966,38,21572
0.025386950982530077,11,22069
0.023507801372553483,16,21641
0.025386950982530077,11,20829
0.012684343152544741,21,21770
0.017708658816303346,24,20467
0.023507801372553483,19,21414
0.01816815483381562,22,21434
0.013645161698487285,71,26608
0.027673756800093985,29,21852
0.022897790603618517,33,22088
0.016696058329076502,21,20486
0.012684343152544741,20,21241
0.025386950982530077,11,21127
0.015791224001904358,25,20666
0.015259592132936817,19,21683
0.04534973084903682,13,21540
0.018021613251828383,22,20640
