0.07034716122546758,60,31705
0.17437352621182933,33,33119
0.2210934027970861,52,34539
0.28455786946241257,57,28337
0.17217268991470325,39,31270
0.03693811426310478,88,34387
0.30471921648567946,27,33983
0.1502616677459867,58,34533
0.14379591617350485,86,31986
0.1598502997963599,33,35392
0.11645963272886617,69,35861
0.09792669744747085,25,33044
0.30476433001425973,28,24884
0.09068498833846439,42,31504
0.09992586430361117,110,33153
0.12304644713435153,28,35350
0.12192831529577242,130,33815
0.6013938910890864,72,33081
0.05161424545223825,77,33986
0.47153524922976675,17,36174
0.2566469605969316,40,30938
0.26211062329163437,86,30259
0.23312325053516136,30,33464
0.03789801422007,72,30296
0.1287523816050301,25,29590
0.11470473005067194,80,30824
0.1063996233569352,49,29949
0.05107945262092861,168,36452
0.2898139844238272,35,31508
0.09106973006554608,216,43249
