0.851175788282772,32,19248
0.5048823709725312,24,18022
0.7330945431093119,92,21756
0.8669003587107917,42,17728
0.8175058138867128,103,20121
0.8853990202731731,46,20608
0.3420057321552584,26,22036
0.8572731506135742,100,20074
0.2133798664237201,28,18738
0.7560658166622425,53,19920
0.8654684839481128,45,19571
0.783585048172107,24,17242
0.7596704073078551,39,17972
0.84308095158842,51,19586
0.8805273430918122,59,18605
0.8625641959973145,55,20555
0.8957157433963565,49,18925
0.8129611742947663,87,19509
0.8610138830477676,104,20646
0.8847777854903902,39,19999
0.8820073701620563,44,19114
0.02355607897496259,30,18972
0.871007308752354,50,19077
0.8911008494221572,37,18701
0.8175347543914762,56,17923
0.8481193120813686,138,22243
0.0,25,19311
0.9097795662440185,73,22560
0.16679606320036733,25,18891
0.8071767095195169,44,19852
