0.0,17,14412
0.27520498270120697,22,13217
0.1710674023710983,23,13718
0.1620268138873313,38,15028
0.17716444457560832,60,15796
0.32886334422161645,27,14970
0.0,25,14288
0.24366328209899557,32,13602
0.2105056777767631,44,14036
0.29965059513128867,34,13597
0.0,17,13771
0.20571716052604028,33,13947
0.24933002627566836,23,14209
0.24749333200367485,31,14832
0.1596523675199658,30,14284
0.21369405755650062,34,13943
0.2588380433201637,29,13626
0.0,25,14945
0.09008665549814798,40,15239
0.0,15,14298
0.2159051434392696,19,13865
0.18430760629705367,40,15378
0.018529125325715157,51,14739
0.036145890639776135,25,13776
0.19057478986044774,33,14227
0.20216166661645374,28,14465
0.21367660082611983,40,15942
0.18486532336452477,77,17693
0.3346287453817258,52,13973
0.2752438209658079,33,14380
