0.04479649785883866,24,16361
0.07911047531544313,17,16561
0.13498895551373014,28,16061
0.03914081598251706,42,16797
0.03275942523840003,38,17947
0.04429661913931915,37,16006
0.07017133667451037,26,15483
0.07674923561669256,32,16212
0.07346201348250991,56,18255
0.04243913136179267,32,16325
0.02291463899079249,30,17061
0.055112158635699626,28,16262
0.07785830875789979,28,15043
0.021866492345010924,37,16103
0.021325541351019384,59,17547
0.04889532422821319,37,16056
0.04307040468598233,25,16185
0.04110542342322954,30,17412
0.02275168375037029,52,16720
0.03413861812101471,50,16025
0.0890179046079903,28,16666
0.03819794051154013,32,16252
0.06596562374927684,41,16845
0.031207142563244195,48,19161
0.05869558276055853,30,15211
0.061403034672051326,27,16793
0.045244958508020905,21,16950
0.0686762041903558,16,16411
0.03892388942760305,35,16060
0.017820783236391247,56,18333
