0.18604524259052369,141,12688
0.260533869872866,96,12077
0.17393671522476228,43,9648
0.2715874054922299,98,11320
0.42115695465395764,114,12465
0.4471980761544989,51,11188
0.41598751755442376,67,11497
0.3335569819290298,37,9852
0.38305072156174813,99,11723
0.4339408482673087,28,9572
0.40832206214219247,159,14422
0.7265791256700154,75,13596
0.4202396620116383,29,9801
0.4116682434382628,60,12975
0.22350481560266633,55,10793
0.4310916143794943,88,12497
0.4010295843294951,54,10645
0.17380426520687675,43,11544
0.2748358047263777,68,12116
0.5217081500466126,52,10369
0.42402793495357005,36,10290
0.42625228745343746,26,9331
0.44974525691218914,61,10549
0.373217076801607,29,9987
0.43338202821888827,45,9763
0.29616476021304994,156,13968
0.22482770584434375,55,10575
0.5446669496801378,65,10183
0.3421785526816111,31,9796
0.26185371449243167,40,10197
