0.01671346390292827,55,20080
0.9243426929635592,44,19305
0.11692988928999515,44,17937
0.6171044303393267,64,20523
0.04201282689292807,33,17231
0.8537289589951798,83,18970
0.14413659779179278,28,15995
0.914758999836806,38,18211
0.9004442447985542,23,16529
0.004552723302641115,33,18075
0.8496289897560033,17,17521
0.08473664783488233,26,17233
0.02193581278231016,20,16200
0.026959435098334428,23,16596
0.201952108265121,29,16429
0.27596091485262997,20,18674
0.8490712952316718,33,17565
0.516274777118156,41,19138
0.8414862893079831,65,20767
0.623088703934203,39,20448
0.9335051624974131,59,18598
0.006118952479689299,26,17576
0.16754601720208107,35,18902
0.7745342643204216,39,18062
0.8508746262105317,33,18104
0.41973517773192404,16,16463
0.18778936190202722,19,16440
0.046204538528927364,23,17512
0.9348661207112337,25,19232
0.7138000786756322,33,19160
