0.6777527558713876,117,11371
0.8248673715795948,20,8556
0.6962586168996773,28,9521
0.7087087046757219,64,10127
0.7495252972112725,37,11102
0.7262815016305609,32,9441
0.8946096631314308,23,8564
0.7361072470601673,31,9040
0.6248799849981579,40,9061
0.780811433691273,70,12222
0.6979987499845518,20,9037
0.7457310205278662,41,9395
0.7170819113068481,29,8917
0.6721876472027102,30,9427
0.5649834894387998,139,15951
0.7126593237897516,33,8063
0.7618842456595415,15,10334
0.7449292122473664,28,9324
0.8978146167032379,51,10911
0.7225808393546893,43,8169
0.8077576540862452,21,8994
0.7426834359408758,73,11202
0.755064338362136,38,10887
0.7351208701442733,20,8958
0.868720930127041,34,9437
0.8952993908408745,33,9485
0.594207832921007,47,11053
0.7571333999222298,32,9353
0.7563217382139649,37,8777
0.8596837465413116,26,9970
