0.24912943208056093,21,17760
0.034520047765877915,37,17826
0.2175143537107762,20,17779
0.07192277060491659,44,18840
0.12414733455683569,41,20239
0.11569501338264543,28,18962
0.08666754220537021,30,19316
0.04618818079868425,25,18496
0.04006206323007899,23,18130
0.11760955204388857,23,17957
0.09545577842503228,38,18137
0.2184588820925989,38,17520
0.039379775386446214,40,20086
0.13232035019512078,15,17092
0.04333218002837613,48,19909
0.06490488167635755,27,18458
0.1155708244418876,27,18314
0.17383277311258427,23,18315
0.04580979561772336,53,20777
0.045801796086544555,28,18138
0.02734776317598031,67,20306
0.05228850145809916,21,17516
0.13124191570107113,25,17864
0.08094183155032864,18,17887
0.08227717968707382,47,19534
0.08160881409445986,29,16936
0.1676316887657655,20,17162
0.1258733120080857,59,19518
0.18295468936889936,37,17349
0.06843696038769165,34,18892
