0.9677014533611045,29,16755
0.8350191642161909,57,19851
0.8255680046514423,62,20317
0.9303689719219875,93,26259
0.8405545844514998,46,20520
0.8956682865872887,63,20717
0.8012018147697824,54,19639
0.7086285314925023,49,22850
0.9366411647447918,67,22081
0.9581186848635335,42,17316
0.8911235071333418,120,22057
0.9439567515113131,74,22387
0.9612822045820918,48,18034
0.801918352494711,59,21263
0.9080287714866642,114,23659
0.9531510322218392,48,20545
0.8032278273993105,51,21897
0.8463052862741287,53,21204
0.9555969259427137,59,18764
0.9136786222770671,49,18700
0.8564520416082766,49,21118
0.9407828809866989,59,19589
0.8246411759976567,67,20736
0.9258140025654475,84,23652
0.9426057998490125,37,18488
0.8791045860547763,73,24997
0.8566102783854042,54,19282
0.9108533847621683,35,22510
0.7904432332446287,137,25772
0.8816168023464089,52,20264
