0.8240332488694587,47,18251
0.027386068233743344,28,16902
0.8101043029457806,69,18097
0.8535308929020657,60,17126
0.0,33,16852
0.0,31,17941
0.8721569389052756,32,15936
0.9136061297692647,36,16459
0.8892159678207856,19,16006
0.13437179511064345,33,17494
0.9109368308414824,48,15881
0.07756875421302656,25,17332
0.8828110186526499,30,15504
0.9048762992329155,28,15216
0.4183046820789491,27,17787
0.6748433173536545,62,18688
0.5517191150770766,49,18318
0.8170103772182378,98,18892
0.8976030107819833,33,16300
0.9130742175692634,49,16395
0.8828418017639389,39,15733
0.8416959292981145,33,16004
0.8173575901713417,64,18332
0.8840253521740284,75,17978
0.8947185264443505,35,16700
0.8844411923966367,75,15865
0.8661721418280368,57,17378
0.8998232666163324,27,16450
0.8905458366186259,36,16324
0.8812336945558287,33,16684
