0.8578471913590918,41,13713
0.848653153393521,43,13109
0.7816480192207015,74,15686
0.877336531158058,57,14672
0.011464933445217262,28,13928
0.7372822807691355,23,14782
0.8883308667134341,25,12978
0.8598712065895078,33,13718
0.861093573429293,73,14160
0.017062854215335155,28,13747
0.9065524340973466,30,12654
0.9103916647438892,59,14823
0.04673198335347828,27,14095
0.9064114483827709,39,14600
0.8365094890786076,41,14826
0.012514889190672118,31,14681
0.7753926180826243,39,14070
0.886709841186048,42,12885
0.06273311808321014,36,14560
0.887781781513042,26,13432
0.9009694113326855,54,13793
0.04100982877552384,27,14124
0.03785813569650964,29,14146
0.7196493414494369,52,15673
0.8794376119941941,34,14958
0.8075074129732736,86,15462
0.8283467597369831,55,13829
0.03700437433994819,29,14037
0.8989197577381687,83,16015
0.0,20,12664
