0.9822855752617182,25,1624833
0.9680921323177558,92,1601607
0.9805826820426381,39,1605017
0.9839539673933061,36,1586715
0.9554781754771754,44,1612985
0.9812264954574655,45,1624389
0.9797210726585843,41,1618104
0.9755959189156551,73,1629210
0.9732295601146057,40,1617612
0.845570339559202,31,1619120
0.9780049235142309,60,1623855
0.9814334691285025,63,1606594
0.9274648494539163,35,1570168
0.9773787394086074,84,1658218
0.9797488103754285,68,1583745
0.9721313661283058,102,2882849
0.9830364823105462,20,2804527
