0.3713977310689285,48,14425
0.3587103067208446,23,14787
0.0033983308247217403,24,15124
0.127116017529334,36,15314
0.15500217605637523,29,13935
0.24802579680257864,32,15221
0.41262520765187205,34,14825
0.0,8,14142
0.024852442448840995,21,14791
0.025283856261896,68,18657
0.0,11,15907
0.008212303500249596,24,14907
0.08934861933539995,26,14357
0.0,8,14794
0.0,9,15289
0.15951527061048631,36,14006
0.09293039290299399,23,15509
0.28176529922671,21,14501
0.14454606995515573,34,14559
0.0,8,14548
0.3610564781205279,34,15390
0.331207949624846,24,13777
0.34916158929938035,85,15547
0.17674491522912716,44,15106
0.008916079820456613,26,13983
0.1927420514996805,76,17043
0.012337719353651355,29,15180
0.25657593184189853,33,15562
0.0,10,16164
0.18738309022749122,100,18506
