0.3756036300132729,27,15541
0.3959134879426497,32,17351
0.36534999728923256,34,16864
0.37721732412631004,44,17122
0.29646725514485084,23,16403
0.4074509843656089,21,17533
0.35635619850042055,33,17679
0.38239224086813384,23,14608
0.40539048985112613,36,17908
0.3751972896677336,17,17195
0.390856938818095,41,17957
0.3335039757155377,23,17382
0.41610347135380554,25,16072
0.39792887556906265,34,17219
0.37086373807129425,25,16351
0.36534157923761845,41,18732
0.3839926097499333,58,17524
0.37132631936764526,64,21300
0.4370037508847754,24,16578
0.3977901898412949,46,17666
0.3861912681858837,26,17500
0.4154024713548353,36,16979
0.4340262166240286,32,17730
0.408459235397447,38,16057
0.4078852643098049,34,16555
0.3493721927713943,28,18141
0.40382917178232725,23,16074
0.3691054844313024,52,17271
0.4010552418902147,16,15454
0.3806711896109949,21,15804
