0.025386950982530077,12,16843
0.020693266927914733,25,16293
0.014189644831801296,19,15482
0.013300502535240954,23,15344
0.014189644831801296,18,14649
0.007529795685842,38,16500
0.033071715824034675,21,14554
0.06563498683261071,25,15054
0.014189644831801296,19,14615
0.029680871263507935,31,15270
0.012333688193226111,23,15051
0.023507801372553483,18,15921
0.10706722849135031,9,15927
0.04841243821557195,23,15559
0.01346633125348462,17,14588
0.11119973232125402,34,16631
0.014714367368750314,21,16117
0.04140053864604387,24,15687
0.005366544053398203,27,15425
0.01346633125348462,15,15718
0.014189644831801296,19,14376
0.024982255181569046,14,15081
0.014214265837966034,21,14755
0.02302832285176215,27,15502
0.01846624681697795,31,14298
0.018838223987293845,23,15549
0.014189644831801296,18,15798
0.07556149671059964,20,15281
0.038736444631672584,23,14866
0.01229395782345366,21,14349
