0.9588921940948089,68,17521
0.9432326241524649,46,19017
0.9047088432276195,52,17334
0.9489578427704791,32,18014
0.8597878215021588,66,22716
0.8114220659523961,77,20136
0.9367664350188355,41,17351
0.8872659663472452,83,20798
0.9542621198562588,53,18378
0.8452504654298031,88,21952
0.9437547817394141,51,20360
0.9193064153706323,103,23062
0.8916406631113271,50,18747
0.8643286057641328,51,21197
0.8256106612246459,92,19927
0.9217459571399392,57,19007
0.8312374921306545,104,23179
0.9193551855110123,41,20327
0.9191004697274866,49,20593
0.7558426781189396,61,20066
0.4629868202106149,72,20394
0.8928599433255104,126,21517
0.9278224586364464,94,20032
0.7956400751702993,121,23076
0.9598586355081604,33,17358
0.9655398768057687,20,16596
0.9415917432188534,66,18654
0.6446588680444377,100,20638
0.9461446138989525,68,19785
0.9441872734669164,109,21177
