0.07927096472389561,46,16600
0.025341564183045673,97,18049
0.14523024008537777,141,23199
0.14357916127436665,34,16054
0.0763935643300867,92,19801
0.05520448185898008,51,17671
0.024440140420144862,44,16556
0.07937468050665286,51,21648
0.07214119173043587,33,17410
0.09399940553436559,47,15563
0.1508405706652134,34,17697
0.10788670047077542,76,18771
0.17934891538546838,65,15220
0.05672853883445439,49,18430
0.10103130693975715,35,15779
0.06391801550719511,86,17295
0.048785366484999204,94,19419
0.05351719155149781,144,20006
0.0832604623596721,27,13927
0.11551321995167796,92,16389
0.056017624291889834,52,15849
0.12393017252904337,48,15928
0.18590271296084315,38,15692
0.09032483536481528,124,18854
0.04721715528335935,39,17111
0.04754093949436522,119,19544
0.0633042249289344,69,17793
0.06704415682659481,62,16810
0.10501068353609677,49,20259
0.08417398974222767,67,19296
