0.3225494264536013,45,17895
0.04663881657391744,43,17746
0.3493375085670375,35,18264
0.281885404753657,32,15917
0.22040478540636654,179,25588
0.38609302647084887,45,16127
0.13235455650859806,107,18554
0.0954246738821598,27,17776
0.33313728934713593,39,18327
0.2611929827848627,38,16129
0.32729187236589996,48,17723
0.21297426607568937,42,15165
0.0,28,16930
0.24222725713437754,26,17241
0.12080929165459886,56,16365
0.24685282826526078,65,16534
0.338561406777919,47,16470
0.2775938173251782,27,17709
0.16593989134820497,126,21558
0.19283226837342593,43,17505
0.18173953837284074,56,16147
0.20280838610679253,41,17907
0.38773460128109705,47,18032
0.17827974790101497,101,18680
0.21398214120016945,54,17001
0.19614937942681598,56,19330
0.22601085833068335,22,15841
0.19781355541799395,51,18024
0.069248478546039,61,17602
0.10207861368133475,49,17024
