0.8574637405381043,90,19491
0.8609415981666115,42,16526
0.927638757736855,72,14879
0.6579891391828911,131,18784
0.9021292037096083,35,15546
0.925882335542654,89,17845
0.7489795411989896,63,17093
0.8502821996841522,36,15017
0.9101614993098808,57,15392
0.9386905966884598,44,15268
0.6619056296245054,72,17633
0.8101713192843936,78,17861
0.6681624330957885,99,18850
0.8983147587147026,104,17491
0.9489468355414905,39,16023
0.7824139302460906,81,17812
0.7916072108555887,89,16144
0.9225764404611346,100,21244
0.9615400461759694,36,15276
0.801535494904156,123,19933
0.8440131398369182,54,17628
0.8483995581592858,50,17103
0.8683294922690382,51,17329
0.8910522109523293,55,16180
0.7499563093079403,81,18264
0.8031672716521367,50,16292
0.9426318394278254,45,17211
0.8101692923333406,80,19221
0.9034234659485803,47,16541
0.8619311407842956,46,15590
