0.07119876322234453,40,1596953
0.590511620797004,30,1622195
0.02847047283209514,32,1639266
0.9375556471950256,16,1610959
0.8687695156168455,22,1616924
0.364804705641788,65,1624764
0.760326260390867,43,1688177
0.8363998071204211,21,1607191
0.08884332112517679,40,1639692
0.1364296288662884,41,1583487
0.03725302079081405,22,1588621
0.758553606857198,70,1580129
0.6066079750544578,41,1622372
0.0,41,1564375
0.27596091485262586,20,1580356
0.9320768151330927,29,1695023
0.8819218725748614,29,2813109
0.9032861624942884,63,3180333
0.760535915068577,37,2839297
