0.023179757333910533,40,16972
0.012250976103292288,45,15987
0.08214510475912395,25,14978
0.02352853267589139,40,15646
0.023827633112666113,101,18663
0.028190008838820835,92,18275
0.0713343756448317,22,14433
0.06626627456672474,30,14581
0.02587953850041702,64,16260
0.0450182466429323,24,14575
0.039091663817489075,28,15397
0.0784926621026556,29,13867
0.06616190486876727,70,18591
0.07506585082424422,28,14632
0.07492909103805512,24,14657
0.06366488765663825,30,14982
0.06291545323856473,37,15535
0.05808103773414619,23,14935
0.044886694084007694,29,15426
0.01910448717814539,36,16712
0.0402932489751725,30,15527
0.03429423294678058,26,15153
0.06125449728839927,29,15571
0.1716449647435524,37,15208
0.08136601202878313,23,15324
0.04765360246301076,37,16646
0.08827418816016075,23,15369
0.025839570278593293,37,15395
0.06429203074508216,28,15281
0.13683497551487267,36,15891
