0.8913853225814551,27,14471
0.8954619939546882,36,14091
0.6047737525366882,48,14839
0.8982161463238278,20,13849
0.9014735473590676,37,13496
0.8981376431126438,31,13824
0.8522349591598993,27,15633
0.8474095248324351,40,14686
0.4936254794126653,33,15802
0.8940761123220732,53,15609
0.8715178573055922,43,13729
0.841004214773303,23,13570
0.6829847694827529,37,13497
0.8995225015466797,38,15754
0.8078923430800251,25,14121
0.8525810140546455,14,14525
0.8670925901488424,30,15067
0.750395165368138,16,14838
0.8945096208742331,21,13112
0.7341290537439535,25,13709
0.7323933472799415,25,13684
0.8925827839365257,36,14439
0.7671316991615653,35,15724
0.8489733903467475,69,15876
0.8972549465699047,32,13432
0.8562498635541655,45,15514
0.7704195043402728,18,13474
0.6821019224722831,35,14868
0.899006163291169,21,12798
0.7661334626018265,26,13226
