0.24314141507608122,54,22668
0.3264606600355454,26,20255
0.3110828192268006,39,20651
0.1842519875044688,34,21285
0.24651091736749486,35,20500
0.17730847699423558,34,21111
0.3536397795223022,36,21715
0.3400271078768067,55,19737
0.24795254818969625,35,22701
0.23755056339114133,23,21214
0.0,19,20668
0.33988444020144504,110,20582
0.27603316850308357,25,19798
0.19566218801164847,28,21368
0.2565497614729366,28,21163
0.06748184228877174,31,19468
0.04125226538770488,40,21407
0.20671989957781878,35,20698
0.28708127499425373,28,21254
0.18425434223701342,47,23526
0.0,19,22611
0.3911322455924793,52,22483
0.11686502651966535,38,19657
0.1563303641964131,46,20095
0.1287086706735895,83,23379
0.22526232148398262,38,20483
0.46600052149464877,32,20722
0.1924129215707503,69,21448
0.2500380302295624,36,20181
0.3604153908417488,28,20278
