0.9797388170339222,33,13548
0.9906087328508615,198,21829
0.9845803300434368,24,16532
0.9457722871141077,30,14469
0.9755517343476059,145,18729
0.9877976173509212,49,14862
0.9775900433297108,30,14676
0.8898355994709403,39,16617
0.9791285342067493,40,11366
0.9532005789945596,60,12970
0.9888152045740243,112,14276
0.9906036633284235,70,15034
0.9748599911393605,89,15968
0.9823687594587305,103,17128
0.9910726455768368,38,12691
0.988266220407145,34,14527
0.9748037296346345,123,18337
0.9809449757295426,103,15667
0.9800973519130802,258,20133
0.9504332913930147,24,13394
0.9613133966628105,38,13511
0.9770224616357313,32,13141
0.9881937517907522,70,15379
0.9938028525854015,64,14773
0.9909834313823455,54,14991
0.9719422599546844,79,17885
0.9951513192520854,62,15360
0.9791572204653306,49,14114
0.9927924911587479,79,16293
0.9921763725990362,87,15772
