0.13529722286990498,105,19274
0.4513423244437407,39,18116
0.15295702467933858,22,16500
0.324616005000926,55,17269
0.13540329646113491,74,18445
0.4066327913663971,45,16908
0.18428208155724868,78,20467
0.36483084509566943,23,15950
0.42260051938649,76,17890
0.2813486698652433,43,16416
0.17245339844405094,84,15633
0.29019327353309265,53,17500
0.3394973167573243,170,24788
0.37791590002405906,89,18000
0.25270320799318724,178,17651
0.7119632460126553,34,16298
0.3827756509498308,55,16789
0.301374834611824,32,14638
0.18060127628937162,52,17077
0.1743717947898319,150,19525
0.2153144407377947,87,17981
0.3051143949633843,31,18109
0.6126839198846254,28,16446
0.21157657720826617,61,19659
0.4660317571599789,27,16406
0.25863333267389965,69,18060
0.3399742166295874,129,21943
0.28846984969493183,69,17669
0.40901973141891257,90,17832
0.32011710606814126,69,18706
