0.0,7,19379
0.0,8,18925
0.0,7,18869
0.0,7,17939
0.00526163206595287,26,20060
0.0,7,18964
0.0,9,18694
0.0,7,19932
0.0,7,17886
0.0,7,19749
0.0,7,18416
0.4685450091293404,63,18825
0.0,7,17609
0.0,7,17007
0.0,7,19846
0.0,7,17024
0.0,7,17191
0.1318431651312728,7,18423
0.0,7,18370
0.12862428997735786,26,18655
0.0,7,21036
0.0,7,18812
0.0,7,17790
0.10212052359888812,26,19628
0.0,7,19250
0.039065927015915936,23,21097
0.01890497632064303,27,19884
0.401765961515022,36,17988
0.0,7,19082
0.12001381614372864,33,18291
