0.2574904795914206,18,16424
0.19460181964591283,36,15855
0.15304140558921542,80,14316
0.11192165577929158,31,15668
0.10861035312623024,62,15448
0.2080402705613268,47,16397
0.4293607495535996,20,15488
0.18120927480099092,81,18234
0.1685613855157132,58,16257
0.2853150426188753,45,16275
0.2282269169993213,11,15116
0.17787792405307878,29,15405
0.2371150061271865,27,16602
0.24988345953351931,22,16031
0.22761010826797723,28,17079
0.19730866094681265,28,14661
0.5780150929026897,38,15476
0.13331477859977847,61,16089
0.10564148779728877,62,16848
0.2313939008361604,43,16136
0.23306647802016944,23,16320
0.22215292989123658,17,15874
0.08736089163926641,112,21600
0.19069934159788193,58,15771
0.19275305647382313,148,22111
0.39103629877505974,47,18757
0.13555186401114283,75,17209
0.2988336267495124,38,15703
0.24773635167823482,40,18327
0.29396126315093196,39,18362
