0.0,16,21012
0.06726021444944985,36,19682
0.19745801707091315,58,22025
0.2506719376983675,35,19617
0.0,9,21198
0.3323544059422634,20,19342
0.0,14,20940
0.0,9,20706
0.09765802476989083,25,20475
0.0,9,21134
0.0,9,19126
0.0,15,20010
0.16769120346341593,52,21223
0.0,10,20341
0.30658385122693943,30,19332
0.0,13,18989
0.0,23,21556
0.10666593617854536,35,20391
0.1853573366797142,28,19113
0.12882616753977183,36,20616
0.0764481052685888,31,20548
0.04183064296822636,58,21711
0.0,9,20068
0.16484282045662224,27,20034
0.26691466015035104,57,20344
0.037765005180069755,29,21045
0.0,11,23106
0.2690011425667781,21,19297
0.04442949829404064,72,20997
0.0,14,20021
