0.9846030250431578,37,39465
0.9927219798488768,106,40760
0.9844541459065466,20,27044
0.9848560217397458,33,37095
0.9560416405347288,46,34520
0.9833252389606139,27,29245
0.9924172214497934,11,28782
0.9855107163237833,25,22966
0.992828779493097,49,32735
0.965893269768843,52,32981
0.9808556698427645,25,32550
0.9845752483663738,29,29762
0.9948568243269192,36,33743
0.9850396154378153,25,34656
0.9190289372942181,40,37053
0.9798215429814215,28,28928
0.9417255678543368,25,30162
0.9885165361073318,48,36733
0.9857941550223295,34,37141
0.9584162636287412,40,35144
0.988844787128372,95,55796
0.9878234146878659,30,30701
0.9770761079965943,40,32597
0.9878182672128131,50,34006
0.9769003616737961,127,46968
0.9681679086225724,25,31669
0.9877970927416527,28,29152
0.984831378299654,33,40284
0.9749438726425508,21,29498
0.9894572041777967,14,26901
