0.02226480149593346,87,13459
0.15296668275901126,18,12026
0.030188146843222907,65,12485
0.018378897937773808,30,12122
0.022746588168686355,33,13416
0.06291700412445278,32,12719
0.05679170946276091,59,13602
0.03725465841138864,28,12325
0.029716476986783036,34,12096
0.03777049358771445,38,12640
0.03688724585423031,31,12901
0.02716705694428856,66,14627
0.019250395657487984,70,15271
0.12023314108083627,34,12014
0.05345538060154631,42,12176
0.08222479185465548,45,12110
0.0672131219683606,41,12547
0.1040528984320469,17,12335
0.04135177678025059,22,12775
0.03568633105262908,43,13591
0.1598655980428959,30,12180
0.052568384009579416,29,11940
0.0975010105192261,20,13061
0.06157602512691529,21,14419
0.06626733474678681,46,13212
0.09178382961534559,23,12125
0.06701828916756758,23,12494
0.06535086454930705,32,11755
0.021742690518613217,52,12390
0.014908528135646248,37,13334
