0.5677828422702687,98,12042
0.6990304072218428,22,9721
0.3309191470570556,55,11298
0.3341053331963717,287,13286
0.30931791123885866,23,10109
0.21496300678700853,110,13597
0.46234157372721885,54,10414
0.4041725950180556,108,12585
0.1599273279153527,110,12209
0.39134379796542706,83,12431
0.300417334387847,134,13805
0.27557899484961856,187,13984
0.5720588635698804,99,12829
0.2514214079018896,202,14582
0.7380609754708377,25,10808
0.5166080614050811,69,13383
0.5212840467638157,90,11164
0.48969709957452,77,10898
0.3122219874526183,54,11095
0.396107410002155,96,11299
0.5564966028073328,342,17616
0.5818619611019822,59,10426
0.24017001643234115,190,13259
0.4619195319359284,165,17168
0.5299867574361765,48,10861
0.5343364613990901,16,10671
0.44763503472718735,55,12355
0.3682472459011358,88,10407
0.19983159416374707,97,13697
0.16708971763841018,192,13691
