0.19313226915568915,46,12046
0.006184803319506105,30,9354
0.40075234581144337,37,9845
0.1861608522734206,45,11224
0.2542719118497001,80,12210
0.3773317287824204,50,11085
0.36668043901093916,30,9805
0.38437369344985084,27,9178
0.24816776218682957,22,9237
0.40857676473436777,43,10496
0.40989865425532435,85,13395
0.4756506179366292,57,9797
0.3991195754416027,18,8687
0.0,9,10565
0.41493335623847727,22,9426
0.0,8,9874
0.4103208358135574,62,11520
0.014293557855248107,37,9137
0.0035437780157496768,25,10108
0.35640223829954953,27,11959
0.23720589130875902,75,10188
0.12428457503510959,30,9015
0.44427439730872065,42,10654
0.1493672913446149,48,11874
0.0041814947214938725,32,10131
0.004885702014827298,29,10762
0.10757425596484216,29,11665
0.25655662217939534,73,11037
0.19030789668934156,32,10602
0.12060183971107685,33,11290
