0.31624915724876046,71,1588308
0.25783681416189896,88,1596690
0.6693300322989804,39,1607135
0.2581053295588578,61,1599631
0.37741305392535873,50,1620573
0.7471231829714577,16,1608173
0.7508614612203492,17,1646215
0.6248132494905568,23,1814055
0.6916250575451431,63,1725058
0.6584840866723072,53,1621365
0.2726161745004,36,1612543
0.27942759322905175,54,1593775
0.4254993373017215,38,1565429
0.5150978605297525,99,1588638
0.26076057972926237,68,1647649
0.3168371156636133,33,2807134
0.5358010188487785,77,2842668