0.03367390554348282,47,20393
0.01116678104480362,25,19174
0.012011193326930458,26,18713
0.10195727596622839,25,18809
0.019082818746115726,20,18095
0.014189644831801296,19,18231
0.012684343152544741,21,17777
0.014189644831801296,18,18688
0.02414662428149461,27,18244
0.032221933187069896,24,18013
0.014189644831801296,18,18426
0.023954350840188154,19,18028
0.01337190657828713,32,20009
0.02777588971917977,24,19086
0.02371001769764558,27,19210
0.021787909314266662,33,19630
0.023510582608244124,23,18683
0.03188504977077988,18,17833
0.06432367994523258,21,18824
0.016729214825539906,20,18026
0.014189644831801296,18,18110
0.11707996907794904,34,19257
0.024272444039033503,15,18287
0.020267649385211084,18,17930
0.024976928271561394,21,18662
0.02093390457595834,19,18599
0.025897483165236546,35,19035
0.08848176072477865,34,20418
0.03478398383511383,20,18517
0.023507801372553483,16,18002
