0.02061866271730195,46,21972
0.059463335778727644,40,20135
0.10299712015665463,21,21065
0.020490279706446124,64,21273
0.06356456693258405,19,19478
0.06867774050918662,50,19481
0.031922844544317375,42,22506
0.03431712568792278,79,23733
0.07178670313797597,60,23675
0.047784509614877235,57,21861
0.07084663843120831,30,19120
0.04101433933475551,18,18157
0.11530108811981965,24,19522
0.06554652657221227,26,19934
0.050156329074869443,26,18914
0.03053013039780117,66,20676
0.05377418556914937,27,20021
0.055024105500792064,46,21357
0.012449519903499073,55,23281
0.038159240471660416,29,19735
0.04880198224063759,23,19048
0.03700388728881798,27,18863
0.13345445909545273,49,20879
0.042006697589526465,39,18663
0.02821469886159056,35,20101
0.04628540155698113,29,19975
0.0858503790650108,28,18951
0.03484491746949647,43,19562
0.07198388138980472,26,19328
0.03319739050088211,73,22975
