0.2961362099688424,42,15853
0.3273287114065452,51,15396
0.21958111361887145,46,15808
0.27799769407214836,18,16690
0.3300974999678954,59,15494
0.18055460501436416,29,15797
0.2433341611324652,81,17880
0.26122857451867054,22,15596
0.08872111972496122,127,18262
0.06038183934256891,32,16936
0.22559303982980083,34,14492
0.08838526654352064,35,15913
0.16469557642255084,53,16639
0.30953484796714315,90,18201
0.07598843290653856,32,15804
0.3515897570490908,20,14410
0.3121284295022435,55,15169
0.11611656395332792,36,16032
0.22506261341061773,83,15944
0.2576787477006869,62,15900
0.23756613776267754,28,14496
0.314251405689554,33,15634
0.27155317802897294,55,16107
0.3446930390160977,28,15462
0.28254632023407467,24,14487
0.4434161656030293,31,15037
0.37259829651749043,25,15394
0.2992903040715531,135,18509
0.4022118438504563,41,14867
0.31802742919718907,97,17512
