0.027557641309316483,51,15898
0.021213931318141865,35,16096
0.05573512721244933,25,17835
0.37519292866165566,63,16688
0.42892019227431366,37,14202
0.3540768423701425,48,15409
0.5093855287391752,47,17009
0.36242189833013294,28,15710
0.46365744549201604,52,14843
0.3338049645777883,130,22455
0.44738491712623396,27,14886
0.6108914055130894,46,15398
0.3706678178667765,27,16040
0.573331623127193,112,15774
0.5862094289791936,99,19576
0.048727587263994954,39,14528
0.3615338548238334,82,19251
0.0,7,16224
0.08346000684948407,34,17801
0.49449321626623466,89,17122
0.05879515951628422,33,14962
0.0,7,15248
0.33882094771964566,48,16238
0.44814621576680747,62,17741
0.03279637211369679,58,18227
0.41667075988370894,102,17303
0.35398991120197787,68,16894
0.4430522580990295,36,15291
0.033595301154633495,15,16105
0.5556155546744959,6,17568
