0.4610520321739723,28,21080
0.7031004253886468,27,19267
0.5573011499150387,42,23981
0.40966769436541184,161,25179
0.29485522627232086,41,25375
0.6966250726412919,81,22223
0.6933565937601851,65,25005
0.694891287041449,82,23875
0.6947292465535242,165,28613
0.28018971051067865,43,20920
0.3658553192265671,40,20640
0.22154358711572508,55,23286
0.7589261351544871,18,20448
0.46248461251391526,69,23809
0.3407839258890827,47,21864
0.5495439713959793,26,24480
0.7042641693953584,38,19697
0.4022500166660453,61,23387
0.3454436028850548,53,21530
0.6872632353875839,87,22977
0.25411376795842333,132,34677
0.39096735182882036,44,23350
0.27124717055717384,47,22730
0.7518708782728554,18,19636
0.35831544110537394,94,21429
0.7368840712225431,19,20575
0.2956061038122243,50,22009
0.7119407026545335,39,22662
0.5601283940994991,104,23905
0.4592582949989571,41,22295
