0.0,17,14745
0.006433156806160856,25,13940
0.0968677167264127,26,15645
0.08243935249477152,25,15423
0.0,9,14787
0.0,12,14035
1.1102230246251565E-15,12,14679
0.0,9,14040
0.0,9,13942
0.03737395574390123,47,16088
0.0,9,14290
0.22484331014346082,47,14553
0.0,9,14311
0.0,9,14388
0.0,9,14266
4.8218063732918814E-4,26,14105
0.24469606698115087,32,13707
0.22953508562442237,56,15562
0.12174679735068261,26,14907
0.0,9,16138
0.0,13,14809
0.3127343694720779,34,13577
0.37451062819087977,27,13764
0.010018268303904954,35,14651
0.0,9,15763
0.05715379660402975,41,15490
0.0,9,15183
0.3147202241820831,38,14697
0.11477694700716268,44,15982
0.0,12,15257
