0.30950310911547996,32,10279
0.1318431651312728,7,9206
0.4664698644526377,32,10057
0.30948293474482513,32,9089
0.014946218554599433,25,9479
0.010555708219110227,41,9022
0.2600077644881943,36,10322
0.6166450057065909,31,9552
0.36193072436307083,34,9616
0.5243151084609577,53,10352
0.32964272489846347,54,10212
0.3768634121304688,40,9618
0.3596932955261294,40,10898
0.4272720123174081,58,11204
0.5202879981059492,39,9456
0.04229355791290068,54,10776
0.10804126808411485,32,9502
0.08123587813292732,47,10674
0.33706162245840054,23,10228
0.1318431651312728,7,9376
0.4112939580305006,56,10202
0.5978727203340477,55,10955
0.5606052598408076,49,9590
0.3379200176480809,40,11479
0.0,9,9732
0.0,7,9736
0.38666622267366213,46,9459
0.2269959223973208,47,9923
0.22669188386363237,135,11498
0.5556315190185118,44,8815
