0.35284030003981737,37,19680
0.06555759598773003,33,17907
0.1558503955530831,23,16272
0.0,11,18394
0.20045548272280156,66,19859
0.002367502209990824,25,19340
0.31661158712236837,47,18236
0.20327466905566716,25,18081
0.0,8,17835
0.38166944140084236,49,18939
0.23907124938638413,22,16530
0.0,8,18059
0.20790879182195765,37,17720
0.3674390369095224,23,19002
0.3919537997250029,28,18729
0.20764210188721144,37,18586
0.38096091248574726,29,18004
0.3026600885159816,29,18301
0.3304759105996662,22,17106
0.36680822545649394,49,20120
0.33698895368640336,39,18559
0.3297042698872219,36,18116
0.10283464980113632,32,18103
0.229168651129659,39,19460
0.21088979913486816,29,18277
0.33510304099512045,36,18105
0.1742308330102944,35,19410
0.0,8,17767
0.18931079357373248,39,19034
0.3171339724740472,33,17035
