0.0,8,23027
0.2693950659029022,130,28450
0.3685248592587229,169,32173
0.3163539537116157,48,25205
0.36267930927071035,60,23630
0.22470185019987154,44,24866
0.4802592893402631,36,23708
0.37670724071341644,107,35737
0.13509300363262988,33,23221
0.4287360245553228,42,23232
0.2779477653970621,123,28823
0.30945413536377253,27,23513
0.3318635706807457,60,28433
0.25164799239660707,44,24869
0.16874690263270975,84,27480
0.5918675057075483,45,25911
0.5287906113181916,73,21260
0.0435501617293349,43,24615
0.3568285400445851,39,23574
0.3797968121056746,33,20474
0.44265748137143324,26,28601
0.41754882537663984,53,24488
0.15263461267528,15,24802
0.31599799346301183,23,23458
0.285947471154146,67,23962
0.3109941675049397,60,25426
0.44426544044256033,30,22879
0.36469772637541886,38,22043
0.15317740337610142,25,23875
0.0254640389516394,20,24218
