0.8979159476138777,36,1600777
0.7683383384442857,20,1604226
0.8113669728987534,26,1607275
0.002162001301244665,30,1609770
0.8705749847801714,32,1615968
0.7945054483204701,26,1625006
0.865618411068826,35,1724163
0.9091727821245263,21,1597295
0.05581639330788912,32,1593900
0.9111227331734317,80,1591261
0.9060317225591843,52,1598135
0.8904695487047558,21,1636843
0.8543089970608577,49,1568497
0.9137114479420703,28,1582907
0.8516686371046912,38,1673008
0.9153737755200935,34,2795651
0.8560468789314024,45,3188680
0.8380539654037836,58,3333537
