0.9416507197186377,36,19361
0.9330554893179368,39,17119
0.9058593595078742,72,19195
0.8458710629851361,83,19851
0.8986451881797712,31,16997
0.6540193871892903,50,20215
0.8884145201656087,56,19695
0.8945400367143139,163,24898
0.842031226391703,121,23091
0.9408541505337513,65,18918
0.6787593991778904,48,20922
0.8635186835318984,59,20189
0.8486127206636465,37,21416
0.8909333162688942,138,21625
0.9579020376993173,82,19798
0.9357395203931281,51,18371
0.8765196247904531,111,22497
0.8593600274796139,91,22663
0.7916686354066229,79,20575
0.9326208219659948,74,20757
0.8446719001936873,69,19561
0.872730212342824,59,19602
0.9137952800539682,107,20188
0.891947228038387,81,19711
0.8759332381936004,67,19556
0.9428552355522755,50,18754
0.880582393993213,41,18676
0.8736846474328392,59,19581
0.8547876317768918,136,24662
0.7528517842761697,95,22117
