0.9812666559845641,54,16124
0.972185583333769,123,19299
0.9652313909012106,60,20763
0.96915035979099,76,17659
0.9824698896102064,31,15946
0.9790369518882022,142,20898
0.9717400109151155,71,21903
0.9555274613083476,67,19030
0.977278319240435,89,18398
0.9617092348910032,180,27599
0.9851306621106622,53,17700
0.9520556062026441,138,21985
0.9874218297691798,28,16260
0.9800783956359235,55,15751
0.9615053697279766,53,17678
0.9855539085712275,98,16972
0.9649189790543841,80,18886
0.977189101003624,37,17030
0.9676067299629472,23,17055
0.9672226361470312,109,21832
0.9812882021871385,57,17987
0.9679393813807841,65,17816
0.9706566148571505,66,17698
0.9593425071847952,67,18964
0.9596648455327493,128,21618
0.9654317627684064,37,18818
0.9897821099170142,87,15769
0.883677247291377,128,24067
0.9756441251597857,51,17804
0.9384548955673351,138,21578
