0.5337476518707327,55,13035
0.4092768964145007,78,15124
0.22271842202811176,113,15118
0.28781687583478643,60,12381
0.35784472991346006,68,12197
0.7433897793701183,27,10482
0.3640945057670757,75,13105
0.5763223491849796,45,11731
0.4666589023248049,81,13605
0.3636889319232748,123,13082
0.6444377013075484,65,11189
0.487281816954817,31,10550
0.36834051408461144,127,13045
0.34346943668657937,67,13131
0.748336962865733,17,10442
0.3773018967581626,30,12069
0.37521755993458583,99,11681
0.2870597276165451,77,15039
0.3543990900347057,59,13079
0.3365186526361259,96,13181
0.35927500679810476,142,15241
0.6931221562666312,38,12179
0.618545074233618,53,10661
0.34950393486965736,51,14218
0.20018179429346894,74,13956
0.3550191463211888,70,14575
0.737325128289895,17,11142
0.3917690725020738,53,16873
0.6567483017593827,56,12547
0.7057849002011327,100,11793
