0.9664784266097021,93,25377
0.9827493971458144,61,24443
0.9808269775673382,62,23363
0.8565415740112926,70,24237
0.9529550898291509,94,28287
0.9608743395720611,101,25882
0.9425073590149368,81,25008
0.9711144742882934,53,23683
0.9858492441903408,24,20285
0.9836618577599173,34,23299
0.9838764376384384,31,19766
0.9902453662372906,33,22313
0.9867658568613521,60,26850
0.9836377690426982,67,25521
0.9847333858908479,40,21194
0.976853551655134,43,21791
0.959903828743071,86,26269
0.9815654416881687,50,23674
0.9795900060092965,148,25889
0.9855345335628711,178,30523
0.9919081485758962,71,29802
0.9891784928520804,37,21618
0.9611689714076914,36,23593
0.816899300794858,44,26017
0.9801505260336617,173,34001
0.9912321749146076,83,23429
0.9887698578286291,64,27222
0.9735833527616149,51,22933
0.9815917408553222,53,24658
0.9495420837697885,39,20273
