0.9790459753371747,79,11398
0.9303640259994319,49,12545
0.9843304225140069,42,10075
0.9950574592927657,37,12139
0.9952986154900167,22,9203
0.9876984629034119,91,11738
0.9777260082812537,119,12869
0.9859307170140521,16,9997
0.9638237222133591,160,12508
0.99689198077516,32,8495
0.9809918540838307,126,12526
0.9969001725196575,22,11409
0.9848937873119616,87,11458
0.9801200939894581,71,16751
0.980576287429465,171,12985
0.9908510319050722,48,9129
0.955092798770581,45,11129
0.9458862124477718,111,10830
0.9920344868314843,49,8058
0.9715454066390616,103,11875
0.992224999990186,67,10099
0.9791636532350358,58,11680
0.996941756606958,59,9821
0.9759910257619249,91,12997
0.9818988069961456,44,10802
0.9442965725793416,216,16410
0.9802892225511518,75,11403
0.973742682456192,151,14005
0.9826365091086917,59,13973
0.9892057187413964,61,11693
