0.0,20,15331
3.61916188464928E-4,26,13740
0.02843634052796684,26,12421
0.40391983352073646,27,12882
0.21966665296443033,38,15089
0.400891780654394,36,12834
0.4360256562543323,54,14840
0.13824333062622707,38,13855
0.04807943596982145,41,13268
0.1318431651312728,7,12781
0.2564923800586213,33,14666
0.0,21,13947
0.034106886606234066,43,14303
0.1984923747745999,80,14410
0.28362858443245864,79,15990
0.09426264185806699,35,14034
0.06588153428528787,27,14168
0.2619743970604351,87,16865
0.011499263500480916,25,13050
0.0,7,12891
0.026472447590858428,28,12845
0.271416063188901,27,13329
0.2330290499101484,35,13358
0.1548864920686247,24,14291
0.0,7,12810
0.1395156372894446,52,16660
0.00616982719096848,22,13374
0.4288405541195217,32,13415
0.36131214189502625,39,13702
0.13208901755805103,33,13943
