0.9749864251492442,72,19360
0.9922548022892703,18,13504
0.9691693485325645,38,17350
0.9909518650452905,43,19889
0.9927144125786077,32,17562
0.9894656312572563,60,18016
0.9863157801836865,78,17308
0.9836141325536886,38,14372
0.9865168832815377,150,21528
0.9739099154558938,63,18299
0.9740479468114621,29,15416
0.9816740701197922,60,16888
0.986682574501976,26,15984
0.9452656704795851,63,15942
0.981906703328922,22,17883
0.9868668885604787,146,22984
0.9866212174090331,40,16435
0.9749289200140208,39,15858
0.9837642186546399,65,17286
0.9916790874589428,21,13175
0.9862143310918524,71,16182
0.9691742243343648,32,15435
0.9887355119199321,34,17052
0.9795365327734311,49,17200
0.9807115720349205,32,14261
0.9795382522695156,112,20373
0.9841577996913233,52,15703
0.9924235416462786,106,20212
0.9687417496814473,79,19789
0.9530287264939017,37,16337
