0.8935565783271723,27,13343
0.8976277978100144,24,13325
0.713255152799928,23,13645
0.7739341086735397,29,13632
0.7874055340970488,30,13858
0.692296531402243,55,15354
0.7075361453590913,25,15124
0.7299904148872789,17,15282
0.8422196057227052,26,14471
0.8764377676174897,26,13855
0.7973721921126976,22,15025
0.7673705938248836,29,12450
0.8298030542322312,36,15716
0.8965357073581179,17,13816
0.8965903997738796,35,15307
0.6616864750675457,53,15160
0.6979987499845517,18,13586
0.7828285742518495,29,15013
0.7384051926330366,18,15383
0.6375743096291324,45,16976
0.7126722093194988,25,15177
0.8342673946210067,34,14769
0.6845060660125035,45,15948
0.8390185537924367,40,14319
0.7500813427369055,21,14792
0.7243967214028499,19,13882
0.6692542475877321,28,14755
0.859273571753285,15,12909
0.7039251259824035,27,14481
0.7802681988998397,32,13903
