0.9466786948976126,84,35105
0.9900718824379267,155,38009
0.9717504211812501,69,33114
0.9908077441750959,137,39023
0.9389539428496925,95,37108
0.9906184745482973,25,32400
0.9738922328355714,86,33328
0.9865319304043284,82,32226
0.9821992686031076,177,36667
0.9903674678538138,61,30533
0.973428146630954,74,32126
0.9835123185858019,234,37222
0.9850414939311904,143,35935
0.9682235362024718,93,34093
0.8922475649147805,93,33094
0.9249643280968621,59,31343
0.9915268617124444,166,39803
0.967199919488009,29,30011
0.9482257976148849,53,29244
0.9819033009813031,30,26512
0.9838820529497677,64,30322
0.9886630311754991,45,28960
0.9851677447676945,57,34486
0.9925967747588361,55,33242
0.9814667634015959,54,34101
0.9576629912190149,70,35860
0.9917015931293656,80,35075
0.9908698245734222,123,37713
0.9931149815379382,63,29686
0.9839543780779112,176,37153
