5.253060904233386E-4,37,21168
0.9114998362930042,59,23046
0.8774375221552535,28,19569
0.16728252999629767,25,22207
0.04978574374164868,28,20899
0.8915696401057388,109,28165
0.8011883143869666,43,20947
0.9074381711968423,36,23916
0.8872075651387686,32,22877
0.8952185482349627,26,21658
0.8926577778258163,26,19709
0.8610033661435087,42,21959
0.8957102669693993,25,19907
0.8677477559469584,29,20499
0.05497667571234943,27,20106
0.9008864193772679,38,21907
0.8709096034058171,44,21836
0.8539076709636103,34,22358
0.9087807984184202,35,21072
0.7437947093633215,44,22254
0.14044684109057348,24,21422
0.06327801981565351,24,19901
0.8947672792857926,70,24647
0.89329647203351,59,20409
0.8765698008594405,30,20310
0.879946836778754,29,21172
0.9132266043647261,53,21657
0.8389769027846227,23,21565
0.8899261609039293,21,19708
0.19696801706040568,24,21537
