0.8972436830423458,44,19531
0.9170672505925299,49,19961
0.6541420707267389,41,20308
0.009161665333365376,32,21586
0.7857382713802151,28,18323
0.8941145894223445,55,19293
0.9330616354339729,36,19289
0.8598747620635563,23,19495
0.8940279878654283,38,21213
0.9238638449322655,37,19834
0.9356924622176418,21,17337
0.8940916121781265,38,18457
0.911282529695156,16,18677
0.9116254497557005,70,23808
0.9267515548880804,21,19050
0.010895937135078415,26,18457
0.88644609444903,54,19799
0.5568816317613232,29,20594
0.8821139197588255,54,21077
0.0039623992548735165,27,20153
0.866091959445521,49,21746
0.8963998135929974,23,18718
0.8882585427445977,26,19075
0.8787704489264679,59,19962
0.8933556904548231,29,20681
0.8881659001408749,37,20434
0.8972715369480401,43,17759
0.9223646818339147,26,16380
0.9122968827582633,29,17634
0.8993990555296496,34,18878
