0.027322872764665607,26,9899
0.03163607396399026,19,9846
0.35945188319284094,22,8715
0.015541679325370095,27,10382
0.016581353040267532,26,8828
0.03212904460062305,53,11700
0.050120445090783394,28,9956
0.0239155047036812,28,8755
0.24280284509884353,25,13044
0.07395603039180798,22,9714
0.03803565941901965,23,9210
0.019357376019334405,13,8935
0.023507801372553483,18,9355
0.11623056435956303,37,11274
0.09008660171436988,45,9926
0.033333948346893516,25,9507
0.032278627058173304,29,9999
0.008629776717835047,48,10288
0.019119967397321136,28,10941
0.027960788142175397,20,9525
0.08038101206928294,37,9758
0.05753171678562896,48,11072
0.03448342478949362,32,10016
0.07641191089950583,46,11377
0.03209418212800452,17,11441
0.013930085523164215,45,9197
0.14687540978416236,30,11004
0.04543432657818769,23,10301
0.014636641109918025,28,8512
0.02698588117874745,24,9259
