0.27444091324428666,69,11593
0.3620059198703346,68,11547
0.08753161045535063,86,11782
0.19969395558254188,73,10800
0.11805044010005716,63,10069
0.5004271524881913,57,12312
0.4892765324231464,75,11029
0.35293729908146765,37,9741
0.19754950625041934,94,12439
0.30633917116691955,41,10486
0.2796512634669983,36,9890
0.23260162594182898,47,11169
0.3092323689487322,130,12945
0.315573572753848,31,9417
0.3304467461017483,58,11873
0.4128015262903114,82,12393
0.23184101488585707,57,10480
0.31277395203261327,153,15713
0.31712952416042184,88,9639
0.18267709073303984,58,10434
0.5517085986649785,44,10105
0.32500028605864384,59,9929
0.42867899892187356,17,11356
0.5005212688926147,91,12158
0.3306054908022875,17,10584
0.44224476045025474,80,10973
0.6958316670914524,65,10888
0.383452932006093,47,11875
0.35070324818389353,33,9670
0.27647371657417175,38,9866
