0.36995071313116246,28,11798
0.4186205654490013,52,10601
0.3998171302233039,32,10610
0.3158221139027151,25,10575
0.3938036989648892,35,10270
0.3977911130885762,62,11345
0.38223239727273217,53,10982
0.531424733709225,33,11763
0.4089539080968061,27,10674
0.4725870829370231,45,11734
0.32460007945264113,103,13315
0.30750695560277563,49,13268
0.4590635761025157,36,10617
0.39211333642323076,26,11886
0.28540715891392254,80,11875
0.3770178970912875,50,13753
0.38374199484806126,29,11409
0.4092744249877134,51,10593
0.4081543890917875,33,11552
0.36490477569777324,29,12098
0.5194134801316581,37,8984
0.3760024379052914,119,13747
0.36192176524274344,23,10961
0.3582650074574386,57,10387
0.3521828393181694,78,12539
0.3490187085105768,43,10702
0.44571180902705687,55,10314
0.27453213828889367,55,11138
0.42672117881646776,35,10159
0.3433210138880506,70,12112
