0.0,11,21473
0.04643104667558584,64,20961
0.0,11,20722
0.11896434728044158,39,19437
0.27560053400380113,33,17815
0.0,8,23136
0.24190350243264058,21,19720
0.0,11,20275
0.031746586410201894,36,20502
0.45894217868391496,26,18080
0.19725574705594318,59,20966
0.16758922098196638,52,20016
0.3965356409828624,28,18349
0.30444626058135693,30,18840
0.3761568197423273,47,21898
0.0,11,19474
0.0,11,21545
0.13640237285349122,37,22077
0.36879637136294474,46,21958
0.3975355220434601,28,19381
0.21027060115485863,61,22560
0.0962793360950317,38,21202
0.16278096340725234,24,20713
0.3315803506621301,63,22591
0.0,8,19968
0.1929361666971524,50,22550
0.4391135084955753,26,17761
0.0,11,18615
0.0,15,20141
0.007411694287367765,34,20085
