0.9867879697540499,79,32889
0.9590787581373643,31,25091
0.9821316547710471,42,25823
0.9816183408394065,108,32410
0.9838830113135134,40,26961
0.9892863602112607,72,33800
0.9924172214497934,10,18209
0.980655041755025,118,34695
0.9924874567192234,37,26618
0.9822047872047064,41,27426
0.964005905679356,60,33998
0.9225559940604346,58,28407
0.9927156488912088,118,35553
0.9834950826545235,24,22170
0.9862697562119336,64,28914
0.9879428754308569,45,24457
0.9751209969323393,33,26286
0.891132798647562,31,26187
0.9908513947679516,57,36589
0.9451220373994448,39,26429
0.9760820153671341,45,30212
0.9916534079498847,32,24046
0.9884954622161403,50,25882
0.9848138631864405,24,21715
0.9885472848061533,27,20497
0.9899967696947023,39,25168
0.9700012379209009,42,30421
0.9676253849316989,102,34039
0.9900790407768192,25,26389
0.9841843201897453,36,29529
