0.3072876299590511,58,34944
0.1719175360173345,46,31359
0.24132642899003443,73,30871
0.28182918489741926,47,38314
0.17827132813218094,41,35500
0.5495870917158472,42,35352
0.08171420508621163,53,33794
0.22716744206920159,31,31159
0.3040617513411006,35,32232
0.49447682533936654,54,32013
0.26800975796113224,47,31634
0.24880079499123509,96,36798
0.17135025096221557,57,32898
0.3514309596587676,74,34433
0.159648802420429,82,33149
0.2116148350245196,41,36491
0.3011606809863969,54,28352
0.2133996240099414,24,32515
0.2656785375341588,27,30137
0.632369588327933,35,36055
0.13262156947809944,68,35333
0.26457426668554074,23,38295
0.3117163159027201,66,38866
0.060977242298199896,31,31293
0.21805004936565853,62,32667
0.3598607586162892,83,31548
0.2942704119678987,38,30849
0.12279955813336196,38,32418
0.6429559303862851,55,34320
0.2437306665891621,25,31195
