0.006612892400919224,26,11789
0.020693266927914733,25,11047
0.0112769697949886,20,11699
0.05777927440780162,19,11315
0.027330970527555842,16,11354
0.12295026192084846,50,12407
0.016990438073703484,20,11807
0.022420533602413917,23,12639
0.0211288807351645,20,11455
0.021495113638458352,15,11753
0.12985829272718508,23,11790
0.005743828508763871,27,11782
0.10706722849135031,11,12782
0.083166389828912,21,11501
0.10279032159821311,20,11271
0.01577009376172267,26,12237
0.12262509001590505,27,12255
0.021322152580356413,38,11559
0.03538371073004454,17,11641
0.07710058897845518,26,11558
0.02166489001327243,22,12464
0.017946530559953877,35,11410
0.02569110897596505,25,12171
0.11910392785778168,23,12786
0.006186888723996198,28,11601
0.012039148240775344,16,12129
0.012265591621507088,39,12351
0.030817646098517337,46,12631
0.022174723226936588,18,10673
0.056147830097727836,29,12223
