0.29398009572904893,88,17834
0.5762580384193416,129,19991
0.5131578580016649,208,22091
0.2614525102839086,75,19336
0.6277405485387784,77,17759
0.4220979717839909,125,18841
0.424254317195218,32,16192
0.5566081719579428,140,21496
0.283056906130298,107,20888
0.3832117837855976,58,16074
0.6894988989333084,109,18604
0.4087428056918049,93,18848
0.7121638438835158,74,16983
0.3752978203391488,138,20402
0.5875615964206351,40,18160
0.46011585512580255,106,17429
0.26381987903688775,95,20363
0.4737617201742842,31,15629
0.27184898015196224,158,20178
0.5143198457855294,78,17064
0.6967285884761453,118,18747
0.6367388174172048,168,22483
0.5390592989185077,103,18476
0.33029048618004053,36,15747
0.2014705581807642,82,17127
0.5852266002914996,98,18356
0.7207494840882721,42,16172
0.25529237496236323,106,20128
0.22606892979986104,47,17333
0.29764384909841235,162,23371
