0.36931057902232656,23,10722
0.09019535811245138,90,15615
0.3851525527791285,27,10405
0.20310436853055847,124,19201
0.345662086450212,29,11122
0.35168406041518485,35,10077
0.2307552371933772,44,11455
0.3863869054260928,65,11483
0.35178538833875195,18,9721
0.23658665671946233,51,10959
0.26890841050239356,26,11953
0.20538437391449038,40,11240
0.24255096557962852,95,14100
0.3601822649223214,44,11108
0.3295998619942707,48,11335
0.08343466849796122,66,13454
0.15711623319162749,41,11496
0.1857379046649299,93,15426
0.3863547169695848,24,10978
0.39414120115918694,32,8860
0.3505863988950273,44,10686
0.14355164205146798,65,11620
0.40086308120780245,24,10189
0.3513784441235457,20,11245
0.3336773900947082,31,10982
0.2261305812045762,58,12405
0.05044576742207707,106,14877
0.2981762746475013,29,10581
0.34956296589887415,35,11254
0.2797506864310171,42,11596
