0.3567966444850512,31,32503
0.3688750621021225,102,33021
0.3953318917610983,49,35222
0.6650371533204948,208,35585
0.46538329037319615,105,32149
0.2560246299954422,212,34645
0.3909963509535924,49,31702
0.4340936759730615,70,34525
0.35127575484096163,69,32953
0.3141037050790041,78,37629
0.3319569643392024,160,36567
0.2461666855294874,77,36200
0.6579149459197076,81,31053
0.3650091723414477,130,31320
0.3607864474860528,81,33492
0.5246154352964938,70,37310
0.3441648263057575,106,33473
0.2632389141824172,138,38429
0.40670302160132954,59,31238
0.29050836002886005,104,31484
0.24756246043089003,81,35295
0.3573003379935453,85,30629
0.3034594967283004,168,42021
0.41761032093055706,64,33782
0.3598813337521516,145,35506
0.6465102451126592,141,35582
0.3880526563445792,119,33154
0.6289319777412772,81,35683
0.2677239044654346,112,31934
0.509318181895279,74,31913
