0.0792951019071303,29,16843
0.04046916495424513,31,15516
0.03849951206286928,22,16806
0.05157956376774253,20,16415
0.025386950982530077,15,15663
0.039966003782381354,21,17212
0.04545362348704818,19,16937
0.021645874145252653,73,18957
0.034885953646773826,40,16840
0.025386950982530077,15,15543
0.03756789668202365,22,13644
0.020365955830885185,35,17982
0.12988724357221626,79,18832
0.016548230972669886,24,15651
0.06681093929340831,41,18383
0.054843506856246726,16,15311
0.21008982382222485,46,18265
0.019467030530475493,24,16269
0.025386950982530077,14,17761
0.1394090854334833,104,20253
0.09354800256580809,142,18516
0.22982941198868656,26,16593
0.02965289967575524,24,17028
0.016548230972669886,17,15094
0.11049452082477329,38,18609
0.019920270453131605,20,15344
0.025386950982530077,15,15412
0.036745485399545585,19,15178
0.036271075614806914,20,16968
0.035369267646654046,35,16364
