0.3480810625902945,37,13280
0.26679755885757583,30,14651
0.38642513937857137,20,14008
0.3692916590871186,21,14482
0.34160578557612087,39,15120
0.3282445954713503,59,15506
0.3344765004255561,38,14581
0.3238450456408747,42,14310
0.356847961114483,31,14705
0.344677059046691,42,14973
0.39053192056986596,19,12918
0.344781439448518,29,13976
0.3262263738830016,29,14558
0.3585486661660512,27,13226
0.3555457796791738,32,12648
0.36955304060876537,28,13304
0.3698471676840851,26,15071
0.36989533202502134,28,13479
0.38044921010126187,20,12383
0.3281107184385459,39,15258
0.3395403103072049,31,14544
0.323715258049194,47,16285
0.37796332263210775,18,13235
0.32120572817227966,46,14980
0.35089962605739744,38,14763
0.18284383863341847,48,17037
0.3790743619402064,19,14195
0.36055507006136445,32,14068
0.26004491754276693,101,19666
0.33357680958755487,83,19412
