0.9326713429115402,33,12387
0.2385452030469558,22,10716
0.16924028592416895,34,10648
0.6823013651680314,45,10392
0.004043133913905206,23,9337
0.7476562447489947,69,12229
0.3722415350870314,23,10478
0.8270728052670161,120,16622
0.5639389073696752,32,9209
0.8869164591296016,92,10531
0.26625169538569315,37,11950
0.8641352790604456,19,9819
0.966290477589165,29,10114
0.9148397680806493,139,14185
0.3475731405087743,32,9376
0.8012872232119419,72,11082
0.9637591261018467,59,11361
0.9612086239949507,27,9567
0.10158889822524364,37,10982
0.8483366946992787,66,12295
0.31830929395308594,26,9778
0.5645493875250421,107,13407
0.5681952463126629,50,10594
0.8835872937658399,90,15066
0.7870821005689879,25,11318
0.9024725938294309,18,9500
0.14178513917703206,102,12950
0.645003145918591,30,10665
0.4586449280778725,35,10742
0.8990342888448847,58,10989
