0.3218626650608918,133,31394
0.4025149477146055,51,31056
0.37504303465610267,55,24893
0.17386398451541663,82,30358
0.3705470274216782,70,31495
0.45687119753561334,76,32346
0.42777477821014476,65,24429
0.3766218092327741,79,34780
0.5350887663967171,31,23499
0.48304138452535483,28,25170
0.330662835332879,162,33480
0.3399225533275758,39,25165
0.38321528071008515,65,26982
0.3691538193602616,66,24663
0.4782756478855683,99,34053
0.40597651562231574,31,22170
0.34265506677607516,35,24570
0.37756682204692715,133,47782
0.3434941382046285,55,27893
0.4152124394831984,65,30745
0.44972006662091146,60,26294
0.37435240579206,24,25316
0.4066336409239728,49,27549
0.388187669318221,19,26200
0.4203909896990061,47,22585
0.47101835490623345,63,24176
0.4087703376751023,58,23255
0.3971156270071592,44,21932
0.31734257593593085,220,38369
0.4542018234476999,35,21054
