0.42841814576858817,138,21517
0.26562575795445176,115,24253
0.29482544868564264,87,23969
0.2059872531139758,109,28269
0.3859886501437816,96,25737
0.3887586215667661,53,20893
0.2786428270493002,79,21363
0.3353050239340716,77,21801
0.2710397686588678,75,22408
0.23742181434995713,61,20065
0.32791973601961355,57,19510
0.38853429596768474,65,18226
0.4188153857506741,87,22149
0.3134529147608007,64,20043
0.19054137566895857,80,23318
0.30831670916992227,93,22878
0.2991219423878897,53,20295
0.34270965708263823,133,22885
0.4575440982012119,51,17376
0.2883423549300649,89,21397
0.32035899915087185,90,20949
0.313820191676885,93,23637
0.5629705778236681,57,17335
0.313084940470404,54,17197
0.32964281555475106,93,21537
0.22713198878599417,61,23572
0.27536427580557143,113,28789
0.3302075961182248,90,20904
0.31372461246668315,83,20774
0.49220261063802906,138,22708
