0.31849161224606337,58,18458
0.34439030285807837,25,15717
0.37209121620625896,32,15650
0.10948775490006701,27,17764
0.18432699882960302,52,19355
0.09507654488159867,55,18838
0.27045809607011295,29,17083
0.2597777832640502,53,16861
0.2311460656255958,37,16067
0.35277281072437583,33,16240
0.20676515449383603,51,16831
0.21736166828402936,44,16712
0.3768474617035409,39,17311
0.1403297492471669,68,17767
0.313561830424266,26,16447
0.18226859694914732,41,16756
0.08353092199802481,79,19791
0.31455379187842825,77,19604
0.09725082734533963,129,19477
0.1926540467976302,57,18519
0.0,15,17373
0.0,19,15983
0.10220284040586058,69,18844
0.19129650617464156,83,17746
0.13510486402645316,87,18116
0.27965698724803933,38,16390
0.2584556917048011,43,16419
0.23653248614795297,46,17416
0.35713378964418885,61,18558
0.22544748953726634,20,16334
