0.3244367217711792,29,16293
0.3872178893627465,27,18197
0.2890149620273339,34,17849
0.2855806698104715,37,17854
0.3449250609748574,39,18090
0.3235071075249092,58,17848
0.35817919006168897,57,17635
0.3713669296074834,43,18304
0.32499065220989165,67,18538
0.34269537746383694,30,17495
0.377933286730498,29,17247
0.4004805705014438,35,15166
0.39432105299943754,62,18602
0.3353059058448665,51,18832
0.3922158824205252,38,18036
0.38888627059285286,45,18681
0.401536107358169,61,18689
0.39222376505175094,55,16188
0.3584108407229213,50,17934
0.3900414019214965,37,16984
0.3204305503521947,60,19157
0.342041852368944,68,18553
0.3595714486164461,73,17902
0.28626341422077484,28,16831
0.4000691870372599,25,16993
0.3590210778963554,20,16359
0.36711284719212656,25,16267
0.2842204045201061,63,17611
0.4034718314310234,14,15411
0.37668685353340536,25,14505
