0.7890081092095256,52,23481
0.8929924232118776,61,23557
0.8449359916442059,92,24205
0.7444518303775507,71,23550
0.898313269954637,64,20344
0.8982258273462436,28,19206
0.6996625650132363,26,19890
0.7615626249212856,55,21955
0.7730267362876492,20,19560
0.8106322587544537,31,24336
0.7963096455356637,21,22118
0.8934749413047804,145,29658
0.7850359727854799,67,21465
0.8032629004442878,36,18688
0.7010920538057095,53,20405
0.8669674723479716,44,20210
0.8959385741404708,85,25410
0.8036165991950571,50,23680
0.7009192918575866,43,23537
0.7588967841628297,15,18085
0.7641793095275713,62,22151
0.7660031408843099,101,24893
0.7715464808346385,61,24453
0.8371103419109422,26,20239
0.88042519485592,69,24951
0.8972823813587469,54,24354
0.8684236724015826,69,25643
0.8926325079086751,73,20483
0.8339281966698799,54,19325
0.6286721688470728,49,22804
