0.9379763917641342,25,16721
0.06788508775537494,23,16558
0.11256421635251257,39,18779
0.2168763682378616,40,18337
0.4333007138663184,28,16795
0.4719355388175608,45,18204
0.8533744486760962,40,17186
0.5136821110586525,26,16691
0.42323215548422966,53,19135
0.15152074648683866,33,18996
0.8440175939648075,14,18518
3.9924122209733515E-4,24,16303
0.10920040712211077,32,17639
0.9393008360513773,36,16858
0.5437929960248566,138,19762
0.06799872851547029,25,16934
0.836421158132445,40,19944
0.8240879818533998,140,23658
0.12588312785195388,46,19758
0.15169341853315665,52,19746
0.05597051468673597,21,14993
0.254006818903449,28,18678
0.8330785982677179,35,17070
0.6101106805972025,40,15592
0.5067358129939636,110,20667
0.10797845501171632,18,19128
0.0336075311530426,28,17213
0.08833391989863548,25,16901
0.31741699374112664,98,22085
0.02562249904688596,51,19055
