0.38579854129939706,35,15345
0.3638668409864019,31,16354
0.3668609997342288,26,16309
0.41341880334072123,16,16362
0.3527857663011231,65,18071
0.38680939208908605,51,16510
0.4116432427276031,37,16337
0.3410664397659017,73,20024
0.41857519427754863,21,15927
0.31348501872357115,68,17716
0.2880022227687903,31,19273
0.3593478011101148,34,18165
0.36317100885431974,46,18908
0.34551882454206306,30,17104
0.3242841863228443,79,19671
0.3831518870695736,15,17629
0.29113597182396234,33,15373
0.30207677223493834,55,17383
0.3984321918117639,23,17084
0.3607403635808746,22,16825
0.3558790554980509,20,15373
0.35875781196925927,47,16046
0.32052149536845354,58,20587
0.3919851605675051,22,17652
0.34731388449837264,53,20697
0.32325340005538594,31,17184
0.2750528305224105,51,19194
0.2665457335375794,145,24960
0.35372041677037036,64,17392
0.3809297178692842,33,17853
