0.3089464133931624,28,1631384
0.30430397880139526,22,1635060
0.24045657144389643,33,1608551
0.26461991471612833,59,1604937
0.25715947502268954,22,1609728
0.30578315760582664,20,1612191
0.26676462271468493,26,1599983
0.2696832826856699,38,1597190
0.42577242979839836,30,1601475
0.2943184851151638,121,1605107
0.25109764418263214,66,1591702
0.23212273952887663,23,1598388
0.22597229429007648,30,1572430
0.2497112040136541,18,1583763
0.18346287012935247,25,1622377
0.3686458385497098,21,2863188
0.3912984723014711,27,2854093
