0.38939985194084525,28,18851
0.35409414657257154,103,21722
0.0,15,17858
0.1318431651312728,7,18534
0.48765644560698584,6,16579
0.28916950508694694,106,21453
0.426402446099846,38,18031
0.03010958637817107,63,21390
0.1318431651312728,7,17319
0.40951734765191805,37,17650
0.08119707286412003,23,16135
0.0,7,18622
0.03360151244445364,12,19054
0.1318431651312728,7,16930
0.05185906195268175,28,18703
0.2804277296409501,116,23196
0.0,7,17549
0.12112066073685501,26,20033
0.03430633375754266,45,19226
0.0,7,18583
0.005361935293249909,24,17507
0.24901544338924486,60,19220
0.3482769919882993,34,17356
0.3315740836297424,53,17897
0.0,7,19296
0.020934547789742353,41,18362
0.4470591291793108,75,21041
0.004506409243837051,25,18502
0.07117237793445241,31,16285
0.09866722993125365,49,19889
