0.920047759841353,28,16236
0.9336635796638015,30,15711
0.8931986883836892,77,16953
0.8278907518339864,69,16709
0.8932610539005643,32,16222
0.89248848939905,75,13990
0.8818796772246978,37,16158
0.9130631992611569,71,16531
0.8801611385345995,168,17779
0.854354205417079,127,25838
0.6388792468148276,36,16633
0.9232657103395557,51,19314
0.9283401646332747,73,16644
0.8440532061507624,135,22261
0.9427127576220119,42,15253
0.919277131191049,65,17003
0.9100353803680868,49,19733
0.8625642888226469,41,16910
0.9392077374315181,30,19073
0.9065297296794991,53,14690
0.12315788867324129,27,16445
0.9389804113117224,51,17076
0.8989584319215006,61,17545
0.917376439570279,103,23309
0.8113471005408912,121,23044
0.892236217504867,28,15288
0.9130216914500455,27,15995
0.9136413356496552,35,15897
0.9016365707407756,53,15720
0.9113492089649199,47,17326
