0.08950476091871085,24,14360
0.8654408709651114,37,14696
0.8418053272210932,31,14813
0.8600328012784005,54,16940
0.037598445484977816,26,15176
0.9153773656240052,41,15846
0.0039623992548735165,27,15302
0.0,20,16182
0.9116635577441029,22,15732
0.9145060797605902,32,14795
0.8095255208526195,64,18232
0.08864232372040737,29,17021
0.8932793082257797,34,15202
0.9280616966429712,47,14345
0.31226588115188814,24,15004
0.7716634514982236,44,15624
0.8629598252952367,39,15118
0.004434756072735246,32,14865
0.8504272003943592,98,17699
0.0,19,15940
0.848636434403573,52,16306
0.8241873156348601,57,18639
0.8683008882684431,18,15121
0.851029581763559,84,18216
0.0,20,15296
0.9132074689378553,29,14850
0.8509653227047602,68,16383
0.8699585393617876,12,15011
0.0,21,16321
0.0,24,17218
