0.3483120401934644,35,16636
0.43590805564614143,80,18749
0.3439430315618073,86,19120
0.38363604821474984,47,17798
0.20696534176566894,71,16578
0.2856141854224864,42,16671
0.7723197880219803,140,21469
0.33047769231806956,52,16061
0.3680366170448569,31,15171
0.6526894989872531,33,16988
0.20061303875553116,48,16627
0.4979771781643736,51,13386
0.4321194001150688,34,15106
0.09813185647238631,74,15483
0.30909837602351464,56,17441
0.37916753862702957,76,16070
0.46855806382117926,45,16485
0.20069494514179553,25,15902
0.44197092863481524,28,16881
0.3982445407310341,24,14813
0.7210142692256476,46,15273
0.2036330924515498,119,18196
0.13617507472452728,124,17361
0.462733120162235,70,15717
0.35885445958127193,33,16111
0.3572186975629241,28,15077
0.2221374031570318,35,16303
0.4622602835931694,19,16401
0.16099232244648332,91,17373
0.2845020435978539,26,15478
