0.36494908876081056,23,14433
0.2059777966042261,53,16202
0.20775602780411317,45,15035
0.5104501930704213,20,14166
0.2678707726914623,48,15675
0.22238490970047708,98,18280
0.4110193549403698,26,13991
2.220446049250313E-15,25,14995
0.333770550005687,68,16003
0.3986118327299646,24,13748
0.2965578266620663,44,14509
0.1369881482683245,76,17184
0.3563246481670248,39,14228
0.5104501930704213,26,14710
0.27568229234324304,41,13903
0.2351336961528544,31,15148
0.36834404900640283,29,14505
0.21068893149488566,50,14481
0.24622418428065007,27,15792
0.17220682171235124,63,17259
0.2863798632213653,55,15451
0.3431514991340405,32,14529
0.41887424644503346,22,14066
0.22533345819431916,40,15075
0.26270738847554465,42,15227
0.4023124744516694,28,15563
0.23793182351388875,21,14260
0.34600345844561253,33,15789
0.4273882570131202,29,13789
0.3456650270570407,34,14508
