0.04002714569905663,50,16651
0.1657447967741601,39,14858
0.2666293942379335,39,15553
0.21206512398797195,59,16521
0.1957981535564317,33,15183
0.0,17,15099
0.36153528746871155,19,15238
0.36705734933157286,33,15001
0.1485039631568319,27,14630
0.24565237133183404,26,15494
0.22029227300954957,39,15970
0.19948850985284938,30,14766
0.2619690223864153,30,15661
0.2309437449190863,45,15441
0.15019711898107324,49,16418
0.19685850381726266,91,18100
0.0942224462074831,114,17467
0.32164688497927174,31,15610
1.3322676295501878E-15,27,16035
0.2066320805310461,25,15222
0.23826954977867676,34,14551
0.31517135959789755,99,17213
0.07223779353569326,44,15140
0.21371388877303232,24,14771
0.15290920336766767,53,18128
0.3651058185454842,21,15610
0.2578610522670509,46,16173
0.0,15,15945
0.24481004643922266,15,14979
0.0,15,16184
