0.35841362985849234,37,16621
0.009992597266528347,23,18525
0.22875410261584306,48,17929
0.0,11,20774
0.28901430580434195,62,16244
0.33432821264708756,57,19237
0.04958921367803193,47,18511
0.0,11,21266
0.18798872966283742,38,17425
0.0,11,18742
0.2047965015578792,12,17473
0.005424937292116239,23,17873
0.20223995630148006,39,17377
0.0882392587064098,17,19812
0.0019303751221737553,25,17259
0.0,11,19942
0.3972889113750221,49,17564
0.029179891880796394,22,17728
0.0,16,19104
0.0,11,17171
0.020137559593844445,24,17818
0.08216106875054952,35,16956
0.018076662848624747,36,19556
0.2565630191502163,52,16939
0.008577131800663107,52,17629
0.15462484201383997,35,17605
0.38116302353882225,40,17274
0.25220812452819685,61,19307
0.0,11,19775
0.13885495738529252,38,19034
