0.13395627391160925,94,33506
0.3630086345173815,45,31631
0.2826255006849424,143,34203
0.5144844687469845,58,34117
0.34179612886783683,29,31832
0.39006254407902363,47,32104
0.368521147058105,60,30424
0.46569360318813624,14,30400
0.3911114525807754,63,31094
0.6337163840000475,41,30054
0.6275848810673716,57,36945
0.5182461808156562,42,30620
0.21766037863384902,75,30642
0.6424459704369809,81,29352
0.46106974549631063,92,31263
0.32348329753656613,51,40224
0.41118559090390705,44,30362
0.3174123468297103,14,31837
0.41564168209913555,48,36131
0.47052645095534784,51,31808
0.15553303773315763,53,35363
0.35308994705108543,89,30999
0.17217619241189386,51,33739
0.17522924880847368,87,31342
0.4738826182452558,48,29405
0.20477842745059827,70,32418
0.44096294694299876,101,35904
0.541060862478175,62,30835
0.20492217246032485,75,32846
0.268859831234169,59,34388
