0.13744657451038889,21,14343
0.16448224284361512,22,14197
0.11722421202806654,26,14030
0.209240564717584,24,13928
0.14012769392484026,21,14021
0.252823390830897,33,14713
0.10253089081121125,37,14317
0.051779416966847513,37,15038
0.2531569208014375,28,13768
0.19080404461251088,31,13509
0.09624482924377209,18,12861
0.12648465382810892,22,13074
0.037049562376545664,24,13762
0.1978069874552607,24,13906
0.15339835920913092,21,13260
0.06152778399178449,50,14312
0.05020849399694571,60,15890
0.03765799792246427,20,14749
0.16657414194457554,19,13905
0.09972433839110484,23,14126
0.0931463167016614,18,14069
0.2059257187618736,24,13582
0.11069072602329388,31,14244
0.14296290132945966,22,14048
0.1538197601986222,19,13722
0.12090987333189196,26,15911
0.15379487132973702,39,15909
0.20319799963314233,22,13171
0.03942538087649039,24,14284
0.08048215094186251,24,13989
