0.7788569186342857,19,16749
0.7985093952325288,83,19041
0.942943040173848,40,15968
0.6536002185925874,31,14479
0.7323302728126329,81,17121
0.04561355826801561,20,14594
0.8322706879860294,26,14551
0.4217053025101718,28,13928
0.05479125069354396,21,14564
0.0,36,17350
0.021132735333114994,32,14433
0.1725970055450845,25,14274
0.039099371336335675,53,16553
0.8534566689414458,28,14650
0.09840324596677108,41,16264
0.0022021843399463448,31,15366
0.9142640644235738,68,15822
0.7722654019468587,44,15310
0.12052615544610334,20,15498
1.3322676295501878E-15,44,18198
0.8272838539666172,43,17093
0.9298433759387126,40,15625
0.7410272840441954,41,19033
0.06006380800361255,33,18165
0.8591912093660574,13,14986
0.02993708352145219,28,15515
0.3322865535514252,126,17909
0.057888410416675584,40,15917
0.9659939204037722,22,14222
0.010577281422492923,49,16566
