0.4026919761555944,23,14894
0.36053122943899796,18,14752
0.3642223667128105,27,14262
0.06914483204812616,100,19156
0.32957603844948935,31,15445
0.185400286313824,72,17523
0.37605439122495865,23,13947
0.34964573646615404,38,15068
0.3773313241819284,20,13639
0.1368104675513635,28,14938
0.3567294956436292,23,14452
0.34879348092359497,23,13609
0.2766071910905866,33,15311
0.3651768033430981,39,14952
0.29663124138524344,21,14745
0.34306931569770793,31,14665
0.35749445751164655,23,12254
0.39017706876961744,13,14211
0.3578417000439372,22,15125
0.3365431316817141,46,15236
0.36715355908574654,20,14894
0.37276777037417896,18,13949
0.1306777632805265,83,17715
0.2844013325839534,38,13978
0.23272260725035898,85,18329
0.10639372782453504,37,15991
0.35237482544051735,25,14099
0.36106720262050185,37,15374
0.23870186081523503,36,16554
0.3600856848044939,20,15082
