0.14168710235815307,23,20271
0.0,11,20647
0.18290709366947966,63,21523
0.03080578494448538,38,18411
0.0,11,21958
0.030164361878914914,26,21016
0.0,9,21272
0.1224690392127521,30,21590
0.23205964893862152,31,20979
0.07468024763055958,51,19482
0.0,9,21418
0.0,9,20642
0.10341389788925737,54,22549
0.0225881213251522,41,22322
0.0,11,20919
0.0,9,20907
0.0,11,20980
0.05175073150104248,45,22185
0.0,11,20887
0.0,9,20949
0.09939583734868751,37,21530
0.0,9,22731
0.0,11,21629
0.0,9,20842
0.0,10,19905
0.0,9,20800
0.0,9,21146
0.0,10,19320
0.233192296987338,27,20112
0.0,9,20092
