0.43582743533770374,98,25142
0.2937050053355219,44,24395
0.6367535463113354,23,20442
0.42462593134523363,34,23150
0.3875977627893532,32,21789
0.409681236798752,50,23303
0.32588779755643915,95,25130
0.3192443789446222,75,23616
0.25002652660775826,49,24494
0.35813494253546396,36,22215
0.49003362232280145,62,24849
0.48384497886746236,83,24696
0.36404629999127536,62,24225
0.577959228800091,38,22398
0.29294739361770217,78,24103
0.21485819157798347,55,26430
0.3093110041630325,44,20810
0.2557192387379482,46,23415
0.20459734799130946,60,23578
0.2636297370709372,62,23231
0.34828181015782134,25,23055
0.3628670865569962,44,21515
0.4101046897289091,44,24686
0.43547067936242223,64,21465
0.684235547917815,184,21591
0.2209971207091347,120,27175
0.6521999419679141,50,20346
0.38143608885545255,105,26085
0.2739523027434513,46,22124
0.4528617234184348,44,21565
