0.04180077408901006,28,20142
0.011892796629904168,23,19867
0.024700343787695922,23,19748
0.03551906572272212,30,19984
0.14725917360841012,36,19351
0.011137102360626816,30,20169
0.020085949117597424,21,18689
0.014189644831801296,18,18671
0.06013404834194591,23,19190
0.06660955142837899,17,20275
0.06525771928567337,30,19445
0.07837560574897862,36,22188
0.035315663453453716,52,21759
0.014691458380084121,23,19365
0.07057402388481349,22,19367
0.025386950982530077,11,20356
0.014189644831801296,18,18803
0.01642987078496494,28,19441
0.025386950982530077,11,18254
0.01353029297494901,30,20241
0.0754833085535882,22,20035
0.014189644831801296,19,18914
0.012688883073393109,23,20207
0.026719967012145185,43,20313
0.005681762788896094,28,20325
0.0926631705137142,22,21313
0.025297235656766004,18,20045
0.012258873163854322,29,19665
0.03538371073004454,30,20541
0.00452953404846812,28,19997
