0.0873861467417919,22,20287
0.018037396481658585,32,18721
0.27030921970991717,30,18470
0.047082592401012646,49,22861
0.029460982434275862,83,22589
0.14694418715522328,63,21858
0.9334271752032018,31,18398
0.7598810112324627,64,20450
0.5930528672667753,51,21045
0.8817944406858496,23,19696
0.19027334833515264,34,18342
0.6478994554519041,78,22068
0.43127009901672997,49,18835
0.36981762351076086,44,21394
0.13728035495958257,32,17974
0.18038158961920014,40,19221
0.461083449846197,80,22520
0.5430355588135766,51,23737
0.8489451213294952,57,21397
0.509410619288733,48,24194
0.8409097484301975,21,17488
0.8406164929101407,41,25960
0.1536928370095223,29,18147
0.09265862987492379,23,17212
0.4741102947326232,142,23084
0.0,35,20920
0.2933813803316967,42,20655
0.0258860131355354,33,19173
0.8574814250043122,50,18771
0.11176311983665033,28,18545
