0.2921402575725961,65,17432
0.0,10,16465
0.03692756997805202,24,14792
0.028361215767113368,40,17161
0.019230411105402467,27,15781
0.002792648339791648,28,15359
0.10063534160635745,33,17350
0.11508642485053344,37,16194
0.0,7,15249
0.21057503450659798,48,16166
0.0,9,15659
0.028838433531077845,28,14863
0.011369701791529963,45,17110
0.0,7,16132
0.011305730692441784,20,15840
0.09040146021900675,23,15045
0.1318431651312727,9,15135
0.29320607003400845,43,15491
0.0,9,13995
0.0,7,16402
0.28461358730259023,85,19598
0.0,7,15314
0.0031393528915049096,37,18725
0.01550356841483369,70,17363
0.02466780288891346,25,15829
0.0,7,15366
0.016296643794932564,43,16308
0.013226425467729563,33,16239
0.01838060955823906,62,16968
0.02404393452515019,28,15316
