0.11651558306659493,30,12630
0.2036677370281923,298,17313
0.3463721756735486,20,11638
0.35968831421465,37,12625
0.35765666811477625,23,11743
0.3497792224860774,29,12121
0.32189011353331387,60,12750
0.3517555770084272,41,12440
0.3708153322136116,37,12419
0.33770281408509506,34,12501
0.34739047592372874,31,12925
0.3659267689879211,26,12329
0.23971084801973452,28,13111
0.3788181433109036,25,12677
0.3439635669544421,26,12420
0.31909423930794956,54,12738
0.35593580319575646,23,11814
0.3764289914347828,32,11907
0.3876558903846321,33,12209
0.052422385547519545,75,14499
0.12482389965453355,48,13801
0.35839477187770963,36,13004
0.28820196767164086,26,11835
0.17288059175131,40,13140
0.10340649263134738,87,16680
0.3537756218296867,47,12829
0.14049119983364577,125,14664
0.3052840395970885,96,14525
0.3611423933546545,33,11660
0.08410276939619776,92,15084
