0.3988623171812622,58,15569
0.36536389754677656,54,14910
0.40879154170713206,117,16562
0.2801693569312146,87,17461
0.35132862554717414,72,15262
0.32684108160356495,67,16825
0.6621589441222713,45,15526
0.3639664765952988,129,18398
0.23572253006983068,110,19527
0.6579862565389666,38,13320
0.3361009938865388,52,17713
0.4172119527239403,115,18145
0.34771020656671037,48,15622
0.36226993883303826,46,15677
0.335265169856396,74,15943
0.3376758891694883,55,15483
0.5196976389047441,47,13959
0.3743612319186356,31,14289
0.44823330976414477,54,14649
0.3398707836956262,79,15447
0.30222907798042453,108,18010
0.3606095952098096,90,15987
0.350891130211345,174,20484
0.4871808845060498,69,16071
0.3894737037156635,32,15322
0.19757806636380948,34,15093
0.2384937843034517,41,16334
0.17468852948946034,64,16499
0.37955318586796727,38,14986
0.5170154555405686,50,15924
