0.9969108341445754,33,15087
0.9968816859049556,37,16723
0.9803540032520965,129,19962
0.9969406159831784,55,17585
0.9783770772699786,51,16572
0.9861893397482117,35,13215
0.9729768696577357,150,21366
0.9817588382285869,41,16812
0.973616555037343,110,19330
0.9771107063814728,121,16163
0.984759258494379,31,13608
0.9803764528477612,57,16669
0.988404843703891,22,16626
0.9930060522265499,32,14590
0.9694415638095408,82,23501
0.9925046641897024,24,14088
0.9144763233970896,152,20648
0.9395991434716192,152,20095
0.9715361663657165,93,17552
0.9898452934181552,54,14104
0.976223538287333,68,20024
0.9820176209181337,34,16054
0.9868702513015905,17,23304
0.9768079928022138,144,21163
0.8957674024281281,132,21056
0.9899673551335796,65,16802
0.9821698439965538,92,18078
0.9824097154914778,47,17968
0.9691657144960383,93,19107
0.9757934653960219,193,22647
