0.9847297484082105,87,29437
0.9860645342447452,232,37177
0.9780163130368017,35,26570
0.9762273653098532,82,28102
0.968244643428124,107,29709
0.9771541525339162,29,25150
0.9856263637786054,29,25516
0.9578604960920917,36,24589
0.9597626769640812,57,23118
0.9423189631097126,23,24668
0.989040269732678,122,30964
0.978600574619641,28,25260
0.9756177913202105,36,25315
0.9708693645841437,48,26008
0.9842887146129107,123,32571
0.9523734789393073,142,31928
0.976062559219807,44,24905
0.9909361011066106,55,27550
0.9503369373586827,38,29038
0.9749475036958265,73,28930
0.9801813755352776,96,29117
0.9624880277705264,79,28836
0.9796344127884387,98,29494
0.9819414164018195,67,29142
0.9825166309734668,48,27174
0.979062439931283,165,32023
0.9855992339629169,45,28760
0.9823366888897899,86,30366
0.989574916018327,89,30488
0.9775461955596254,90,27524
