0.33365284301342035,51,19140
0.3857608938244971,33,16907
0.282449392534287,70,17925
0.31355777985683353,49,21639
0.3676582774457259,25,17463
0.37407322458650016,33,16626
0.2790994619989562,30,18057
0.34409451570965377,48,18732
0.3390573459236589,31,18457
0.2968789305631071,66,19036
0.39557323682686296,27,16138
0.2945197655488303,26,17299
0.37740695542321745,44,20399
0.3470640834801395,26,17079
0.3757541618270145,35,18786
0.3480701682104125,43,18705
0.37294104343151946,24,16514
0.34471924185763914,40,15750
0.37352577103397155,20,15331
0.3812763376122512,20,16584
0.32655396211175847,65,18976
0.3706359388648832,41,16811
0.2524322169490075,59,17013
0.33888107698297487,36,16437
0.22174002727924935,64,19213
0.34572104912736,61,18880
0.38895085387769535,26,16781
0.36755139291787,27,16653
0.3738327997546528,28,15676
0.3842797699349554,30,16882
