0.07162631854305845,38,15236
0.07321392409981209,23,14532
0.16130828161975685,30,14933
0.2233601763158387,25,14614
0.04788174272034462,23,15406
0.0793974816487294,28,14757
0.044794323814905446,39,16314
0.14093148493572727,42,15550
0.06570017138473816,35,14882
0.05772957073151419,55,17714
0.1311380399330332,42,14018
0.19334667823389184,35,14741
0.0727439449487548,55,15433
0.22212161532750618,24,14793
0.09386530427113693,42,15600
0.04973753850177487,48,15493
0.19479270437790208,19,13773
0.21223633368304207,27,14985
0.09504962237262116,20,14764
0.04882446777596361,52,15001
0.10294189712878277,54,15501
0.10787929172895949,22,14279
0.26951664940039255,20,14449
0.08871510204092092,74,17413
0.12395110448481839,22,14763
0.11500660199380397,29,15115
0.11761296922814646,23,16635
0.1549446591767648,22,14372
0.24428465951954592,24,14616
0.20688343907745543,21,14403
