0.0,9,18904
0.0,18,20000
0.0,9,18956
0.0,9,18735
0.1264840827750051,32,18274
0.0,10,19240
0.20995162361891395,44,18840
0.16180880845987433,30,18506
0.049892056481595115,28,19528
0.3096951830690603,43,18966
0.0,9,18779
0.0,9,19000
0.08352380077607369,44,18774
0.08365259116922374,31,19403
0.1640050148016401,28,19653
0.043564111829084706,21,18978
0.0,9,18789
0.0,12,18697
0.07545205384210374,42,18778
0.0,9,18061
0.12629902587036523,21,18421
0.0,9,18695
0.03263763725476643,28,17529
0.11778348028308105,26,18371
0.20500941349796054,22,18294
0.09604970297404514,42,20292
0.0,9,19937
0.142077435345623,44,20336
0.09643568933824398,26,19693
0.0,9,19336
