0.1340504703596641,68,19456
0.20936994797190456,68,20941
0.18337095604217646,39,18739
0.0,8,18619
0.0,11,18063
0.2605272110855932,39,19382
0.0,8,17410
0.014860887560101732,30,19794
0.2506938644874681,30,18680
0.2262880595540845,54,20252
0.4574317322566801,39,17460
0.12454096028572925,34,20743
0.0060768738837911895,40,18572
0.03207113345924739,25,18352
0.2629791687259969,47,18776
0.0725132613107472,18,17963
0.0,12,21138
0.017586162170240116,29,19063
0.02835337982226882,18,18515
0.0,10,19566
0.17244703272094075,72,21006
0.30964041752606875,35,18483
0.0,11,20616
0.004780334590272051,28,19560
0.0,11,21707
0.1493089645028196,58,19494
0.0,11,20124
0.0,8,18412
0.395396187029055,27,19410
0.0,10,19961
