0.09101883009586575,31,19953
0.23326174639472108,19,19929
0.14455240865315766,24,19916
0.10428692497906944,34,18725
0.06930576198841099,44,21096
0.09641643632573338,19,20292
0.18063943422924145,19,20839
0.19238380255333032,64,22372
0.16202806616616594,18,20197
0.21758464522763687,24,20277
0.27316542146276546,23,20021
0.04712790962810687,52,21113
0.24540007213666182,51,20080
0.03878762857545326,63,22511
0.2145156009875565,18,19727
0.1334660284107383,22,19424
0.20239689561406715,20,19334
0.21415629859992902,20,18687
0.0399818008611863,29,20535
0.08810649327185549,42,20378
0.134190684587021,27,20260
0.048656216265765106,42,21581
0.1415128745327504,22,19411
0.2128762356958458,23,19753
0.17263839116382373,23,20037
0.06459841686285694,43,20883
0.15749463311761602,26,19873
0.14299848797733672,22,19751
0.11891725641903039,31,20098
0.12714981208124065,61,20576
