0.2871173193988228,69,23253
0.3670768651063644,96,27692
0.36893715767032453,29,20001
0.3424792452201386,58,22319
0.3249920955470371,117,21720
0.3312314620861079,60,22319
0.30920776398269845,108,21532
0.3821531297117594,57,19528
0.2513951930754845,55,21633
0.33602436014937587,71,22250
0.43135126407395463,137,25098
0.3062474338446278,62,20556
0.2587471714970543,150,26397
0.3393590001444423,35,22285
0.3440094745710748,119,24774
0.27915606701709594,52,22007
0.42454079178394555,92,21390
0.3513362617343061,115,22700
0.46241546236864395,91,21030
0.35807560753571455,77,22481
0.3894794372783623,93,23095
0.3293269986196149,48,19841
0.26940663049077773,105,27670
0.39068941001560553,85,21821
0.28192200751068297,48,21343
0.173529087154779,83,20550
0.38063394895642866,47,20913
0.3296202073753316,175,24865
0.3533353548923118,178,23941
0.6491732226750355,74,21197
