0.9483078494801092,53,25213
0.9459108914871485,111,27327
0.8885857259626179,69,29955
0.9606465711017436,45,23315
0.9327540638484743,122,30784
0.9468367531105181,258,34805
0.9678851750297387,56,28392
0.9623526010394805,84,26165
0.9221077560514532,119,27139
0.9328944494061748,128,26177
0.9623516847821432,155,31632
0.95751550093152,222,41639
0.9685481650252968,47,22012
0.9040180690652356,92,27389
0.9574298129955078,68,24095
0.923237733856952,111,26765
0.9678476256974013,68,25036
0.9401059510106418,82,26294
0.9311653061373166,144,40604
0.9574608526545058,99,27612
0.9683412219617057,143,30568
0.9359278591884446,62,25259
0.9632540794096889,199,31966
0.9400988319998661,141,31603
0.9652750928944426,26,22552
0.9393017045174382,196,35858
0.9526520803310361,184,29440
0.9531492477465284,190,32745
0.9656397932253927,47,22984
0.9391195729359935,138,34600
