0.29327010105744933,58,11180
0.18057542120006487,55,11009
0.144911140700695,38,9548
0.11982864076919586,37,10979
0.37507271624266814,36,10400
0.21387736436171645,56,14097
0.28121868843197595,109,13004
0.3575935492535738,56,11070
0.3589873992368393,55,10878
0.3719646629610339,36,12964
0.37012358234440024,35,10766
0.33725154040342187,26,9887
0.15392225538093685,117,12482
0.37169459881196254,59,10011
0.28187969388452705,48,11275
0.33869548416745254,69,11207
0.36246745013707815,38,9966
0.1880475315662289,50,11078
0.3552478587072372,39,10951
0.2836548958816286,134,12084
0.2881205769437245,42,10103
0.14804046906655144,40,10762
0.2792470869435727,53,10889
0.33779382454681983,55,11713
0.1256678779524234,83,10557
0.33796362528635515,58,11824
0.34451253683366,31,10378
0.36808049773123597,25,9772
0.2083728486386529,38,11053
0.18622661266291407,61,9942
