0.15047613998054798,70,23636
0.30789478085615296,32,18013
0.37204571087131066,64,18801
0.30277292946057066,29,19701
0.4083430043866314,39,19239
0.22717391944653276,55,20683
0.09282237352441902,38,19562
0.33449771248721627,115,21969
0.25894559226629665,34,19692
0.3275970466684276,32,19188
0.4219184124623926,63,22141
0.34399573597752997,21,18721
0.18712484854635603,21,18387
0.290481383252295,27,19979
0.481085457256183,30,17157
0.1857465195404302,37,19151
0.23699201683416404,39,19264
0.3245115318981189,29,19473
0.3573760012562017,51,20875
0.18997316316813184,49,18738
0.20646559011009968,28,18645
0.21533453511445855,63,21392
0.2950682925640302,29,19199
0.2553973527994947,50,19766
0.3090453847220579,29,18362
0.215294621063448,38,20248
0.23354711514877502,74,21276
0.32332985383355006,18,18737
0.2205770820259747,34,19962
0.4339144959450514,69,21293
