0.9468120862455609,25,9110
0.7152245800173032,30,10194
0.8411609191372248,44,10094
0.2346579265180505,24,10330
0.6424325611946444,23,9051
0.5928625559037948,80,11557
0.3309800120291313,26,9953
0.10347865448490912,59,11282
0.6709784737147555,43,11260
0.5793843589822235,36,10239
0.9553511928701314,21,8861
0.6697667848081866,36,14705
0.8586631586171469,27,8509
0.22390410930194438,24,9147
0.9691216030192551,36,8860
0.7921010018773389,46,12764
0.8705623267342226,111,11692
0.969097662327545,48,10015
0.14635072221107648,68,12739
0.3345352544093799,47,9517
0.6434834475157868,51,9094
0.5093755771076449,53,10818
0.3784543287912375,43,10384
0.05695006795856572,23,9205
0.9438084627168992,26,8830
0.10437716448895429,39,11102
0.08119327192866044,35,10098
0.7599333650838569,16,9004
0.23028263757360778,32,10541
0.778048076545701,76,9863
