0.9261207065079217,85,11178
0.9351988721625838,215,15889
0.9005057384889587,113,13529
0.9471491313343734,123,12943
0.9587252642232715,57,11158
0.8944859230663214,127,12962
0.9209818650829054,142,13112
0.9212398092696145,60,12345
0.9659258914838252,30,8914
0.8705149417300253,283,15945
0.9699879731678644,56,10349
0.9411922265144422,134,12228
0.8514861359003367,135,17344
0.9413455519944355,112,12212
0.9482917914711918,94,12829
0.9327127466929896,79,9990
0.9434903185241467,42,9871
0.7474549755823752,65,12837
0.9635433089448935,41,8658
0.9442961972234415,66,12216
0.9231162583413399,67,10046
0.9220884645778394,143,14369
0.926234005550232,60,11089
0.9187311412960663,162,15760
0.9636760175390807,125,9382
0.8980722426098232,62,9935
0.9112929734878444,72,11746
0.9401590562436374,127,12096
0.9221480704002627,52,10816
0.8778574489557794,66,10943
