0.3959310933133471,16,18661
0.38611564057627223,31,17902
0.3599977152583923,26,18267
0.4245299545708938,22,18704
0.4676360471311426,9,17288
0.37417132433852296,30,17677
0.41278592012012705,80,21364
0.32131974373351935,34,19243
0.3941982183872451,21,18956
0.4575491898442213,29,19833
0.3854664499213052,100,24384
0.3842695254877986,39,19376
0.35569939665239414,58,21253
0.3784181495239546,14,20355
0.3947443053869908,21,19129
0.424852015932612,18,18736
0.4100448958343781,23,20041
0.39914208596520606,19,20049
0.4288884776919396,14,18207
0.3773487891259931,39,20748
0.3151382896859628,54,20413
0.39196598990705334,30,19526
0.2441355316206557,25,19286
0.3738115606179039,17,18894
0.30170736735483705,23,19193
0.39925251158205066,89,22187
0.36504417974723213,17,20757
0.4600542680864934,16,19004
0.44228037157865985,43,20249
0.4161583032377153,19,18253
