0.7892634032142171,27,13329
0.8343014001822673,28,13100
0.8905764290984233,80,19565
0.7453332007736505,20,13393
0.8922314096868679,42,14050
0.7365159579200184,43,14498
0.8917002487418482,45,15113
0.8527103991028722,28,15169
0.8741228242231857,23,14117
0.8951066970032636,87,15750
0.7169100424553898,35,13277
0.7063814008924275,21,12691
0.9002301007418156,24,14128
0.7065312048713133,38,13735
0.7465581774278793,30,17309
0.8920171475479616,81,14667
0.8950631671566895,9,19727
0.673510416294816,40,13348
0.8951284562935667,33,13962
0.8395583295483412,18,13914
0.6745561808307426,49,14001
0.6959446188494084,102,33032
0.896722962263973,29,16177
0.8983461342739267,28,15936
0.7216614991792718,761,166409
0.8930116369127852,26,12988
0.8988427755749607,19,13760
0.8414282015501994,324,29672
0.8632576973372655,69,17795
0.8201783697584367,58,15403
