0.9873058847295535,30,19375
0.9846151316638941,66,18600
0.9850785781957813,64,20100
0.9841808098585811,84,19107
0.9889087999783733,47,18124
0.9807274704075137,75,18202
0.985087074541352,121,21298
0.9834459791014571,69,17918
0.9853625627400874,34,19078
0.9912090151014495,26,17693
0.9799706604162101,40,17605
0.9855004297838813,22,17480
0.9870721930338262,30,18758
0.9229493307490649,44,17312
0.9781109836942605,25,16213
0.9921681889554864,28,17186
0.9759437869988873,62,18850
0.9833126102383243,37,17883
0.9821926049953253,52,19691
0.9873168499085597,33,18407
0.9846306662257925,34,18471
0.9898492566344346,38,17817
0.982757962879571,75,19758
0.9865128255660305,43,17808
0.9566099903829118,43,17179
0.9855736942561234,55,20485
0.9929171973334021,38,18801
0.9936209870549733,125,22114
0.9751055166030578,37,19025
0.9860008596600407,98,18012
