0.1386093005048129,73,17949
0.04858944411423094,34,16436
0.07798701586974399,88,18096
0.1856157096892006,63,19092
0.03850207420139462,45,18413
0.08983164489882389,166,33175
0.054650923297662524,36,14884
0.05791261841723916,43,14740
0.05217368164624969,82,17868
0.16920619007405913,36,17046
0.01579308399218038,39,20369
0.027446271286333812,36,14295
0.10469371998119381,21,15059
0.04579963486485239,31,14102
0.04005667616235087,24,15468
0.03081834840484876,57,16024
0.21817010648803048,15,13600
0.08577098275003936,20,13474
0.056442613669829944,42,18765
0.16586357482579295,46,14674
0.027472327348413317,36,15598
0.3587533831693024,17,18211
0.1037232869988639,25,14636
0.02365101825967819,44,16199
0.10380756586612083,12,13782
0.11066151922622802,28,16644
0.07502150053208201,64,17582
0.07301238580389802,55,17076
0.0381534602549497,42,14098
0.031182503744493384,35,16157
