0.0,9,11149
0.2555575942186933,17,9826
0.0,9,13141
0.0,9,10201
0.09214568124132805,30,11066
0.33221094651627825,18,11329
0.5120619322949216,47,12382
0.32562150501821063,27,11591
0.0,9,12187
0.0,9,11816
0.25532836530083214,33,10968
0.0,9,11807
0.31781099801851465,46,14296
0.0,9,13328
0.05396432438695764,31,10986
0.3303470173139019,127,15131
0.0,9,11044
0.2630722701920515,35,11537
0.0,9,12613
0.0,9,14219
0.0,9,11110
0.0,9,10356
0.12611559960477792,16,10827
0.0,9,12003
0.0,9,11228
0.0,9,11953
0.28606709987040824,21,11027
0.0,9,12221
0.0,9,13669
0.35217137391632747,21,10750
