0.3926339183786435,39,13270
0.39410585179768665,26,12689
0.3967690055056984,27,23137
0.37137866863435043,22,12175
0.39712795103043486,71,15877
0.37791964933442246,2471,178970
0.37247295959339366,37,12790
0.32957327584059626,78,15452
0.3918860084522089,378,24895
0.3540018545361887,61,14541
0.3753144057447019,21,12807
0.35024921045740465,42,12637
0.3797854251635715,21,12659
0.339204119638159,35,13723
0.35353403104806835,29,12490
0.23471837825369224,221,20144
0.26311975744235006,23,13442
0.40639838546029505,104,18815
0.4676360471311426,9,11955
0.37109026869393935,239,20087
0.3609557988564128,35,13196
0.37550161579787944,146,22150
0.3877147413360498,24,12226
0.30276484681463145,54,15458
0.3627943792521471,51,13312
0.37182617740306423,66,13577
0.3831518870695736,15,19886
0.4017531633080407,26,13450
0.3187564396747862,47,14587
0.25990235904016423,39,12960
