0.28365431880922853,32,10078
0.12020662235669355,16,8636
0.07044119430034157,36,9203
0.12929761015515917,48,10340
0.12020662235669355,17,72613
0.252408437497184,30,9580
0.09387722050101377,33,9392
0.08206060068152843,20,9254
0.058309010533296735,22,8862
0.1861403488496921,20,9799
0.02527323278121807,38,8442
0.09125568464768696,36,9662
0.028625984795241255,46,10237
0.14475670800281026,21,8423
0.05473175175629397,13,8864
0.1317286163140794,21,8474
0.16850912219020964,30,9298
0.07883754435314172,41,9744
0.04369613426532293,34,9248
0.1064967611184412,35,10952
0.11091022454625243,97,10983
0.1415707814039201,35,9691
0.15416896850898876,17,8501
0.1967213172621155,10,8834
0.0801503825159886,16,9246
0.10483579016219624,33,9344
0.1188571190484452,13,8567
0.033532511944599386,34,14774
0.257164024916374,22,9998
0.08891699527541463,57,10285
