0.060832946574778446,33,12944
0.05473175175629397,13,12040
0.0844763833247919,358,50311
0.0658918010290227,57,14271
0.16817957599777522,32,12661
0.0671938016155903,54,13984
0.23279333311963846,38,13330
0.13060737610670203,27,12105
0.24456262912502658,15,14123
0.03682730268596346,54,13923
0.2127276965358481,33,39447
0.13063142402516448,16,15569
0.16888195789053828,491,115007
0.16341207230989252,80,22073
0.550031835299626,35,13211
0.07109237073666042,22,12808
0.10827914364329472,50,13354
0.18624555869383852,267,104703
0.05473175175629397,13,17061
0.13061554724399116,29,13056
0.16182591501395815,27,19235
0.10271258522951765,33,13103
0.12469409276254129,39,13199
0.15737323973051576,19,16656
0.26599956406026526,38,14311
0.20582831415367475,1102,45906
0.057391019588148406,181,19816
0.21567089235332149,22,13333
0.05473175175629397,13,12595
0.060506102242009585,22,12681
