0.8952213439720178,36,9163
0.891895488419303,38,8851
0.8545627848277977,71,9640
0.8859998680792739,28,9177
0.7324393628921473,24,8915
0.7917677015916552,34,8947
0.8950631671566895,13,7240
0.7916083406072582,46,8644
0.7495396008905078,23,7712
0.7657152952955201,17,7873
0.6154335525358352,52,10057
0.7533073922296403,36,9587
0.6209662850270223,35,9298
0.8121757868136279,17,9149
0.8262709857764559,49,15820
0.6753038387906483,23,7799
0.8943217910745261,52,9968
0.6718096998042773,38,9574
0.8948665702031999,16,6849
0.6804547422848477,39,8820
0.8883805553206562,24,8923
0.7660639020981169,27,8880
0.8360474894230973,32,8102
0.8927189971389864,23,8766
0.4992011524818972,234,22526
0.8078284945407443,49,10812
0.8286940407511865,65,9516
0.8424021257679392,21,8245
0.5618292916270253,77,13238
0.8711763213228181,19,10332
