0.5865512772343715,161,82701
0.3313265742452386,20,129720
0.0,19,79488
0.3268042866679681,23,103896
0.0,23,136213
0.5490110873332794,14,104535
0.4029812076637085,29,281730
0.7269115639888863,18,111661
0.3701942818152617,27,395079
0.0,19,217302
0.30040961372506647,60,459574
0.5323942744655026,39,221225
0.35062166396075556,240,364668
0.40324916105224506,16,72501
0.0,17,63586
0.0,15,128151
0.2600983366458174,27,104454
0.43570945307323106,35,545742
0.3467041944860316,32,345155
0.3706096586997948,52,1096824
0.7053172103210749,54,163586
0.4364949145672782,67,175085
0.35376312078441285,86,76011
0.3951425547813324,21,97291
0.2214066246742309,84,69865
0.6774245004083952,40,102558
0.6573074104476464,41,65583
0.510394329445667,7,212878
0.28212253821088107,196,136752
0.3469111128331738,25,207989
