0.9810528140510305,82,12018
0.9836156927430472,39,10799
0.9803094337486042,116,13733
0.9819054777258419,178,13471
0.9724102252919031,61,9995
0.9598951776269606,71,11518
0.7391904607882163,38,10647
0.9507713022436397,48,11063
0.9727618991311531,273,19209
0.9765363047969244,47,11152
0.9692107478025014,56,12355
0.9833285708056224,35,11242
0.9820948643028008,20,10199
0.9785683742388928,35,10785
0.9764233849409486,56,9825
0.971299002354576,82,13213
0.9814015634422886,80,13593
0.9749241898777425,36,9943
0.9793839418558603,23,10094
0.9548004072118109,90,14466
0.9823401302388353,27,10222
0.9901372887614815,60,11933
0.9358936069305338,87,12339
0.9760054733738504,39,10230
0.9780783178408613,50,11964
0.9961230234137181,67,12512
0.9782566369044329,176,14795
0.9691736915151004,137,12618
0.9742259238221195,37,10527
0.9797196409369329,87,14842
