0.22026106077668162,38,9619
0.3131592244391026,14,9337
0.3060133040367313,52,9840
0.2220106800069771,79,11484
0.0,19,12749
0.31659194135864643,31,9510
0.1356944563684228,76,11166
0.3470580750009633,32,8410
0.22804196928068454,38,10189
0.3994030392658866,26,9443
0.0,15,11557
0.3359265934612018,38,9533
0.10914677523443639,56,11414
0.26902058170546195,92,11307
0.21235895733131316,23,8469
0.2530112947974167,46,9299
0.31171375901972564,56,10358
0.3999100829034501,29,9918
0.56508583256095,43,9728
0.2649318336245575,48,9502
0.2624892852615227,33,10081
0.3623332708255207,35,10399
0.19990656557656827,50,10124
0.251757306488413,39,10371
0.09911029340956701,34,9583
0.009629483431797814,31,9233
0.18480276979373067,23,9817
0.1675682728204746,23,10318
0.0,17,8128
0.16085675919074993,34,9451
