0.6728788830980479,41,45173
0.7080770366090137,30,67772
0.5146274339306312,34,72045
0.3239861292168402,61,30136
0.5474780739623931,387,59560
0.5504043273577595,47,27439
0.3310055368138093,25,62070
0.6740746327224533,18,100523
0.7074829224839765,129,57870
0.6965359103848303,78,56576
0.7478210233312372,252,62278
0.3933368663671619,67,28928
0.4399796994295778,490,98833
0.447667804437615,129,26721
0.6310498880134405,24,59594
0.6959064081242046,101,107607
0.4198413439030543,89,35777
0.507460760002363,31,63109
0.3881282942884602,28,160163
0.3207268696355636,106,289358
0.6025201671512259,27,23120
0.266855660628765,101,44983
0.7028889771300434,110,47009
0.7141021642040855,58,45931
0.431733869265191,50,53773
0.5658170078495599,39,49865
0.49427304014934204,216,37193
0.5927476575173121,32,74007
0.6837742921248041,34,39002
0.2919807208459072,44,139098
