0.6053751462303291,47,13607
0.03360151244445364,17,12670
0.0,7,15105
0.0,7,15019
0.0067520205976489,33,13490
0.23749778126717846,68,14729
0.0112242852036738,26,13258
0.0,7,13770
0.11798872184774589,38,12755
0.002549209475890102,36,14847
0.0,7,12287
0.37760781631761253,35,13002
0.0,7,15982
0.0,7,13919
0.0,7,12693
0.11998605494868064,58,15139
0.0,7,18738
0.1318431651312728,7,14297
0.4729702353286698,53,13932
0.5202665398360902,68,15391
0.49316446261662483,89,19960
0.0,7,13627
0.4867420483580873,40,13069
0.33918002968256533,70,15417
0.35813926162535026,48,14633
0.42219008495327737,34,13150
0.01766552722781245,27,15063
0.0,7,14645
0.7191912705614217,7,13182
0.43718179609274377,28,14172
