0.3286512204412475,34,15317
0.32151010529522794,259,104719
0.4656739269403767,25,16554
0.0,19,15870
0.22090386251852168,36,14555
0.0,17,13989
0.18080732247250908,81,15928
0.41829910437635087,17,15485
0.292542345021954,43,15874
0.5103943294456668,8,16178
0.2055391144484885,29,14116
0.24296887600063877,30,14358
0.6893667676940125,99,14413
0.31894329954861,81,18521
0.3009914481564132,32,14546
0.34586374999244573,33,12776
0.3346931383269165,34,14140
0.3949748824755277,33,14644
0.4545664395827259,79,16976
0.36088015758903,20,15131
0.22871145122009728,83,15529
0.22889800496538903,61,16810
0.42552984971073693,58,17634
0.49797694846132134,45,17884
0.3183647888507546,40,14717
0.3880512596996739,76,15069
0.16812162836691458,25,14732
0.28745842084376705,22,13354
0.11951490264754994,70,16143
0.15207984973676225,54,14952
