0.10308539749356194,12,9881
0.06955332480810728,27,9802
0.10711266805019459,19,9543
0.24713412100930776,16,20421
0.16844713890954244,23,8336
0.1374389323214511,107,15197
0.06646504078777005,47,9490
0.06012563490274414,63,11171
0.11136965622371908,32,9484
0.04088298284111913,39,8436
0.04575260168065021,52,12527
0.10308539749356194,12,8857
0.034198656603505295,22,9193
0.10333171242899697,292,17716
0.011515562486116515,101,11986
0.26194128940192263,14,60738
0.046589843531389286,36,8868
0.10308539749356194,12,8658
0.10303059552248128,21,10027
0.10308539749356194,12,8571
0.059998107770400044,54,10459
0.05518815331390725,44,97257
0.10308539749356194,14,7937
0.012612325170368588,68,10634
0.06159765530027206,57,10405
0.17517638372665179,65,9620
0.03764666087210966,56,9847
0.06763318800996976,28,9035
0.08244247107344149,18,8490
0.09299668293793628,162,15796
