0.4724999130337534,23,49597
0.14516685316322286,42,65275
0.29089711575963395,90,30478
0.24481004643922266,16,58066
0.1796792405431803,18,33021
0.41254513833929074,167,142234
0.3867488189555808,72,71098
0.2603451602710041,168,72093
0.14163780637288403,38,58495
0.37457667372070547,31,249935
0.380777155818674,16,219916
0.0,17,197128
0.49665134824840107,80,124131
0.33410027182787283,16,34814
0.6943160530605412,38,76695
0.48143670097761415,15,165408
0.4244471094777247,24,61092
0.48269292060010016,11,149633
0.2882206811600041,32,132555
0.45142223935995074,35,37284
0.28924834455118964,28,60261
0.05061464676465732,42,36011
0.37773306851347277,13,36506
0.3994872393565647,24,232679
0.0,15,54113
0.2574318054081337,23,54698
0.3153270537667402,26,84904
0.510394329445667,7,164124
0.48719232632782783,32,136019
0.0,15,47066
