0.8992472110810141,19,1537244
0.0121685321909496,31,1556194
0.8966178121019477,28,1717853
0.0,26,1796546
0.8980962340282648,27,1584485
0.8852939037873939,39,1596257
0.6990999284879972,32,1598936
0.8679728355513792,33,1594726
0.8886338714900478,20,1575652
0.9036622652897418,24,1584553
0.9240784276033451,51,1617306
0.882597470091697,33,1586347
0.19696801706040568,21,1625398
0.0,18,1654986
0.906618289574433,29,1610060
0.8792710142512217,34,1486298
0.8912916127337586,31,1501693
0.055264168954776594,27,1495710
0.02011361797482647,27,1518302
0.013340174744568722,26,1529606
