0.9668004665058811,88,1560154
0.9551595459747259,97,1582510
0.9802230740454622,43,1585169
0.9764617739327592,48,1590333
0.9172349354189876,51,1609723
0.9821699085270355,53,1624221
0.977111318050588,49,1603216
0.9638675358808991,41,1590755
0.9804016574869331,73,1661890
0.9190353196144606,38,1617378
0.9719227807986225,66,1589091
0.9837190964562789,23,1592067
0.9582785621713705,52,1624616
0.9826027884545141,35,1647296
0.9878894811009342,67,1629006
0.9768258252970881,56,1497348
0.9776019218001302,39,1551993
0.9828170470819816,36,1506328
0.978890780918112,51,1546106
