0.06607091804839671,17,337018
0.09259916132238566,32,486515
0.06692011327837488,32,322354
0.17254158198383196,42,282335
0.04144015364229736,51,300621
0.11641789196235752,21,268327
0.09493960355189224,146,357892
0.06480932727552213,45,176965
0.047307877360507566,18,7618935
0.11315464177179646,29,359235
0.1429325683596847,24,297728
0.05052372839965913,83,382414
0.18728256973904933,14,562819
0.15703011526120414,22,423736
0.07003994408707115,26,467630
0.04633691865192713,18,253874
0.05098825622779335,36,285941
0.05994377919795091,31,197669
0.06324345328691461,32,226942
0.04502990038909449,26,230013
0.08450323374363233,25,413828
0.08390039645033187,66,370395
0.23766309772777428,15,397003
0.0496024873112173,30,251875
0.037086061155125916,22,315620
0.08072605734596805,17,280989
0.11806253085301277,25,299131
0.1873504411205411,22,486395
0.06738177842098358,21,350451
0.07412537402490738,35,279146
