0.0,9,12980
0.0605208089371998,64,16829
0.21449379055996098,36,15516
0.296466503191429,14,12770
0.0,9,18446
0.0,9,12816
0.0,9,12362
0.0,12,13993
0.0,9,15523
0.2679018747272034,30,14933
0.0,9,16442
0.0,9,11956
0.0,9,15210
0.09696866679566529,25,13294
0.0,9,12490
0.17144357316421344,83,17480
0.18517529635058727,53,13685
0.0,9,14174
0.0,9,13158
0.27272442230439986,10,14075
0.0,9,16151
0.0,9,17492
0.27272442230439986,10,11668
0.0,9,20344
0.0,9,12278
0.14104069905406846,29,12887
0.0,9,11974
0.39328494956220683,140,23972
0.11414282115912333,64,16477
0.04941301731305037,55,15517
