0.23507805731785936,65,12975
0.31192690137671575,26,10390
0.37531237063617173,30,11425
0.2963682598864601,23,12606
0.13219647745349905,40,10894
0.2932832199457832,44,12976
0.24412731827198886,48,13578
0.3774319381285409,49,13995
0.3777983360442386,41,11936
1.5543122344752192E-15,19,11255
1.5543122344752192E-15,21,13240
1.5543122344752192E-15,19,10260
0.2983043715587075,74,14348
0.3502075652327695,33,10704
0.28084030212295963,62,11082
0.3437410153128637,18,10570
0.16478664285811706,67,13002
0.25740952055949995,81,15248
0.35553484205474395,38,11291
0.2304308990270184,40,11791
0.5225786527512535,35,11043
0.2832015326975149,28,9852
0.19007981161596355,43,11445
0.20416219445145634,47,12020
0.3058941072388587,36,10649
0.5221316485645984,48,12484
0.3544275728858658,34,12011
0.18344232981838138,47,11534
0.25576750264941295,28,11388
0.4688501935110253,32,11570
