0.5319686704178201,28,15221
1.5543122344752192E-15,21,15757
0.47753723515794844,57,19306
0.4452404320975849,51,20327
0.5210528548144309,808,233129
0.31254973409894493,39,13450
0.1950716838866864,39,15483
0.2391581779604922,50,13610
0.2838171808810873,51,16385
0.10919312709646667,43,15198
1.5543122344752192E-15,19,18152
0.3501573783382712,48,14164
0.433579811524908,31,13587
0.3818396122982579,22,13031
0.14365985142347137,35,13991
0.3897480593350937,70,17350
0.1094856817424682,58,14212
0.3475773535529252,19,18448
0.2835680116173609,56,15791
0.3472834995526105,22,14156
0.41749052894949934,74,17283
0.31513745206704,30,14963
0.2794155252051148,17,14121
0.1214935784275557,25,13738
0.4353634296042861,49,13824
0.5564755491913073,15,16589
0.3983049624124967,40,13831
0.4214048741830232,24,14591
0.563586063253325,29,13079
0.2488085464764226,27,14251
