0.293570232576833,44,45515
0.4483637856922652,36,137199
0.41473297840541024,37,48183
0.19892546019885637,121,54191
0.3186224993364315,29,87568
0.272644567705394,40,68132
0.15059611616056157,50,139733
0.1779733119928404,28,131547
0.5599893027826077,11,61985
0.2578717500429243,33,67399
0.3553213631354267,34,58654
0.23704910324710105,32,56277
0.46407218290637775,19,139654
0.3904857752149471,36,116077
0.4128604641612059,72,58973
0.2545041098402464,22,69643
0.37891092333006093,34,73381
0.23771856761035648,152,56071
0.1698550841139561,48,54159
0.553354116510099,43,78448
1.5543122344752192E-15,21,24702
0.29915217193506616,24,58261
0.5555598571729403,40,42783
0.3395053156430272,31,66708
1.5543122344752192E-15,35,47758
0.4925327503125462,51,84920
0.33813590641447944,50,106720
0.20195636009086693,29,38599
0.37684077860260246,45,56870
0.37887694371550906,38,140110
