1.3322676295501878E-15,21,17804
0.3766420534600884,16,18611
0.11601278634961876,41,18660
1.5543122344752192E-15,19,19696
0.3809799362088355,19,18709
0.2680983656276449,42,18046
0.3298775868152847,40,17765
0.405270372763713,25,18593
0.2373031909724972,44,18514
0.4583980144619464,49,18479
0.3936507966938403,39,17307
0.26441375490495356,42,17274
0.5157053287828623,41,18640
0.3908495768029455,33,18103
0.28850043085382926,57,19051
0.28265679170699576,23,18607
0.3910635067354852,45,18450
0.3126268093421525,25,18051
0.3704924278010818,40,17888
0.35551135427762715,43,19296
0.13610393872974225,40,18772
0.28254773880501083,36,17710
0.41212114978586667,45,18485
0.24294024925406799,29,19110
0.20311152218139894,28,17620
0.34049134754332433,54,17800
0.7072609162192774,48,18799
0.3526921379379947,28,19299
0.5704757770523567,61,18060
0.508794266344705,35,17899
