0.3549255267964885,17,1131404
0.4726732327758153,24,6627261
0.5357786448025466,35,383455
0.3698399680437223,67,768669
0.3576046418676102,70,1035043
0.500360457282202,47,956774
0.45676491152480714,40,3642349
0.607633137801464,72,804330
0.3337731178651009,56,839306
0.4137069856446077,71,15611499
0.36992810113947816,69,3792477
0.46498909502145,40,8225794
0.7539495760182329,24,9933071
0.405508038828997,57,1118372
0.4729083046245307,25,547586
0.5867772202491945,240,500962
0.6051039061642303,19,803406
0.5877423552092513,30,742615
0.33981404982011953,28,1055696
0.4891973248432745,27,1259633
0.7064552298309545,355,1422952
0.4256769684848465,16,915657
0.7349914554321492,29,17309373
0.4029498760927098,59,882031
0.6952035523204553,85,426419
0.3931150360750286,47,573298
0.5787612026541189,45,1423483
0.5890430217517522,39,900640
0.689568648537159,26,747397
0.6459425097439699,69,1125947
