0.98372269583497,71,21797
0.9766375207758454,124,40177
0.9794413665618935,87,27264
0.98573097303529,93,27103
0.9793876656467408,58,21747
0.9863371392153932,90,25487
0.9918931302477167,15,57854
0.993670649167772,116,26777
0.9878639375678755,38,22028
0.9904093848066571,34,19194
0.9773448964015186,55,21001
0.9516686136161701,47,21201
0.9818177809561156,43,21239
0.9600653990516924,62,25095
0.9932057180689282,52,25790
0.9974034940034974,194,27700
0.9798534244491042,40,27176
0.9869640661130742,52,24169
0.9779896260566652,39,22085
0.9932479566202604,118,31431
0.9882412620953731,36,21519
0.9933855651456117,63,22650
0.9870604737848472,51,22142
0.9935757768076887,85,28627
0.9972052645200428,102,28610
0.9825736491388216,76,24028
0.9950780404988713,65,23266
0.9938134812392581,48,24336
0.9925938274111672,49,26984
0.991786282382347,45,17354
