0.11951343877922682,34,14306
0.1744888349673226,54,16079
0.0,11,16236
0.3281465274404055,35,15217
0.11015344523515336,34,14072
0.0,8,14886
0.4069732063339918,80,16588
0.3282087095181101,43,13803
0.08798977260854701,24,14319
0.0,9,15874
0.4446520083522537,88,16644
0.1968519536480473,46,15488
0.06084084090510944,51,13903
0.0,11,16028
0.3363067901712844,97,18870
0.3701964055645124,30,13493
0.31755238026116206,36,13352
0.0,11,15817
0.4094094661552722,54,15207
0.0,8,14364
0.0,8,11462
0.39508627684045294,43,14200
0.3400341394631312,52,18022
0.38749418971450866,53,14008
0.0,8,15559
0.15206076649626143,45,15315
0.1324469176584998,30,14483
5.88577154490344E-4,30,15600
0.40278586711053666,133,27135
0.0,8,15038
