0.21273940516147027,28,14099
0.3816339887035535,26,15038
0.0,15,13154
0.13363714571286422,107,18125
0.026816428463873554,42,14091
0.0,19,13555
0.3735168108059671,25,12297
0.15914557626369885,110,13912
0.0,17,13347
0.0,17,12816
0.0,19,16501
0.38011949634986075,26,18427
0.25410270596056683,24,12953
0.27565592665825345,144,15146
0.20424697771195022,38,16228
0.3838131851674469,22,12363
0.2309130543572524,33,13119
0.14800168512748568,25,12837
0.0,31,13525
0.15802458513266893,38,13993
0.3764180177710257,28,13484
0.27728904843416724,36,14925
0.32670826987612855,56,15180
0.4358206556292533,12,13888
0.38886747439357183,60,14835
0.2461412499799739,51,18495
0.38628208097860695,18,13664
0.5024335032442141,199,21491
0.3602493070923213,36,14214
0.37886977190183746,28,12619
