0.29084837115201634,23,1595862
0.26724636602953356,45,1594396
1.5543122344752192E-15,19,1578502
0.37664205346008783,17,1644277
0.37664205346008794,15,1599353
0.3514295749381545,33,1627725
0.4914214104447042,69,1600204
0.33354440676093644,23,1665873
0.24535449363204132,22,1584019
0.15682000991855138,38,1648918
0.14169981114464558,25,1606723
0.29082781586486417,30,1610297
0.37664205346008794,15,1630728
0.2598190901172096,33,1660895
0.3871301495891666,16,1614736
0.28432762816938106,58,1486068
0.27107455508408995,59,1587964
0.14493825934159377,43,1521142
0.08581055775582747,40,1534393
0.29385083346574925,21,1577909
