0.9758475316346462,111,150872
0.9851744361807547,30,59254
0.9839693157321977,45,84975
0.9953925256434213,675,108633
0.9943818537351443,28,252299
0.9931317650850909,116,232333
0.9747307292110343,647,154915
0.9807913654714215,1949,122459
0.9727359999968009,377,95201
0.996774083346812,128,166818
0.9926657821636954,25,451737
0.9846322653138256,1707,230473
0.9853977056377937,42,62326
0.9805549564995011,441,117624
0.9789563490777811,211,269609
0.9799813835625665,82,63207
0.9849781040053976,1890,84580
0.9875822786485798,380,94919
0.9820374702846592,256,87158
0.9797535695753959,61,63465
0.9970882117422144,45,211349
0.9877205385184692,117,108141
0.981482456981859,140,181791
0.9813249931531466,76,98141
0.9882613711223417,52,70969
0.990545147989714,288,119409
0.9913573796269649,27,335445
0.9919739648914265,168,98048
0.9909150784128512,459,150578
0.9805953752329593,116,62863
