0.14598663476928175,52,27824
0.14596634818463683,21,14894
0.015815599230512456,25,12215
0.10377338086361942,29,15804
0.0968574734821851,96,16396
0.038022110019779176,91,27413
0.11565283510599067,29,49329
0.045989800149917826,22,14461
0.016667935537829526,83,16025
0.19248809327852112,60,17988
0.057075920251611345,45,15548
0.011424725871329922,27,47125
0.018835921041862824,30,14271
0.19083368202678175,25,15166
0.025531876746500815,59,39318
0.10017063631485823,94,19034
0.023507801372553483,16,13390
0.029771007683784045,388,490614
0.05240726414310015,31,15164
0.2431218500772594,70,15260
0.0702363480873962,35,13902
0.022463861503230986,16,16797
0.06054141017268588,47,16010
0.025386950982530077,11,14995
0.014586152127143204,47,14049
0.34699951895391634,52,41179
0.1654004950036021,21,16504
0.025717920459029653,35,14687
0.010570911503841485,640,53977
0.015540981574796553,51,26036
