0.15837083004529795,16,1573062
0.06749331803182024,30,1556579
0.08551960390466551,24,1603175
0.1575009232275123,25,1632197
0.06749245741031129,28,1623135
0.11796095250869454,22,1603391
0.08320583897003864,26,1577176
0.05473175175629397,13,1594204
0.01452716910871088,37,1579848
0.25268141983208026,19,1637189
0.2478459989493078,32,1589490
0.05637113516525927,26,1589763
0.025460127898524698,41,1625165
0.19165745367009757,27,1643273
0.05097792192455053,24,1607631
0.06174757633971595,32,1497516
0.08206060068152843,20,1517690
0.2722412377960297,33,1520908
0.1939760317768432,13,1540212
