0.88544101662385,25,28025
0.8035381322748453,13,22270
0.8986095856497692,23,32641
0.8487822532428698,21,41466
0.8596952620075546,22,29742
0.8997603713914633,35,95214
0.8497878465380977,55,132564
0.902861055164304,26,83217
0.8939089943928192,31,26512
0.7769932200884683,25,58437
0.846366498320823,347,62074
0.8932971012107808,43,27900
0.7355227498013337,16,75011
0.7598128520970475,27,61231
0.8294923725445666,46,18536
0.7078294382106485,33,37638
0.8977763600109525,43,36789
0.8537371158454035,28,44686
0.9029907421077654,19,57994
0.9045145568425634,34,26241
0.8930319434783486,20,59731
0.844026890457855,19,28445
0.6692940382133187,51,19374
0.9014609393748743,79,52600
0.8974636322699552,28,54479
0.7827879311911157,18,38334
0.6699188413562691,20,19229
0.8994781547007977,28,101685
0.7418246768869647,21,55386
0.8906609772774072,29,27628
