0.7161766340805946,39,1560143
0.7661880605735685,12,1617098
0.8938097017519746,30,1889788
0.7130370320700796,14,1563022
0.763783855532812,28,1744302
0.7751622527816777,18,1677265
0.8936540810206831,40,1661948
0.8970838084847482,43,1657025
0.7207863070095564,24,1622665
0.7105012562078679,30,1632095
0.7266674898255644,27,1582006
0.6917397626302082,27,1647496
0.7613765662515203,16,1587218
0.8326157310098418,17,1611577
0.7537735067239352,88,1636447
0.7460609685872289,18,1627904
0.8229095134332067,17,1608353
0.7355227498013337,17,1462985
0.70319935840287,45,1510878
0.9070919659783296,7,1532879
0.7287462994028395,15,1514494
0.8924848764081987,34,1530814
