0.9823606793322747,74,15397
0.9870463345924679,80,14466
0.9796895275748702,129,18659
0.977133312415242,47,15027
0.9833611131902162,27,12047
0.982251847589834,44,12594
0.9830652082930609,35,14094
0.9724226544813078,55,14761
0.9748764368204399,89,14551
0.9829674893518752,60,13790
0.9830416299837256,67,12859
0.9783739435760103,117,15657
0.9781177554570557,58,17786
0.9633951920165739,80,14127
0.9813741630704237,32,13909
0.9822475645652794,39,18387
0.9667659030904664,66,16330
0.9768488659129927,80,14493
0.9740432437001791,123,11691
0.9801004794672673,44,13567
0.9780434307908071,44,15511
0.9667805210644718,50,14249
0.9694511721389785,50,14762
0.9828329153614477,28,12107
0.976406066829001,45,13225
0.9821683576777579,65,14931
0.9806563402904804,48,13441
0.9858413679427321,36,12743
0.9829115124053976,25,14892
0.9881745731694941,93,19383
