0.8292127351081673,70,1713423
0.9593366610680281,24,1551388
0.9558636508411034,42,1650250
0.8330045393444605,85,1587436
0.8708540960934731,29,1640004
0.8831903660892644,55,1741331
0.8689438295771986,47,1625297
0.8724012082830751,54,1706040
0.9388859846289944,53,1583942
0.957283876159142,33,1575458
0.8682517636889626,51,1634659
0.847865552280676,61,1584333
0.8182071492873837,59,1629505
0.8698123302226569,42,1646500
0.8332951722959349,63,1631531
0.9223190857869025,33,1512249
0.9482959170782721,71,1495125
0.8690551050245361,26,1567533
0.8062094534033155,59,1530549
0.8353455389344397,60,1529361
