0.9205078789825689,43,11025
0.02309477140302374,29,10546
0.9134142368093908,63,10346
0.8974442117383868,50,11144
0.7755796108716967,39,10790
0.8700301270661186,87,12690
0.8821787372722782,58,14106
0.9170177676569421,101,17178
0.8986907623403648,61,11574
0.902553896029856,38,12975
0.8766053757742702,104,16632
0.8804252121630174,67,12818
0.8849103057806675,32,12219
0.941757386976723,92,13444
0.8767864149574687,42,11889
0.9185413830450575,14,9692
0.9028876906863725,60,11216
0.8522822758751085,299,35112
0.8206237810722586,59,12625
0.9221977864926034,36,13116
0.9002421134832893,99,15972
0.8883219475582255,37,11285
0.9374167814345397,84,12180
0.8694426914282477,88,13680
0.9052905859073334,38,10763
0.8838614345924533,39,10215
0.72957189433532,66,12082
0.8024592580411998,19,11836
0.8538601771199711,63,13317
0.8939086373063605,205,21534
