0.9544403749739799,78,18112
0.8698895892164993,60,16219
0.9563217479968581,53,17199
0.868810214034917,37,15335
0.9625757935290394,62,16869
0.5079060252145708,119,21468
0.8645316411695068,50,16407
0.9062139988397544,38,14694
0.9435672324440214,87,19072
0.9628258018477254,193,18690
0.8289512601836642,65,15557
0.9572480569073298,38,15067
0.7055250890396789,39,15808
0.9395043724875562,210,24019
0.9247046633120359,65,18713
0.7509742149524851,75,17453
0.8515529409835132,81,20377
0.805912363215302,68,17607
0.9584522474382594,133,20537
0.9489734735053341,86,18378
0.9334870164527355,66,18038
0.9618323686542323,58,17590
0.9503284089214286,142,20422
0.9424439485873756,113,20318
0.9586009704132181,56,22376
0.8202937868701393,57,15627
0.8704176841046312,54,18383
0.9548102173007259,51,16717
0.8615089464976453,98,19015
0.8678852732504461,60,17908
