0.4053739660950033,22,19249
0.0,17,19748
0.3942413705485355,27,19306
0.29517354359649484,40,18472
0.4379504734492432,12,20096
0.4202584161203714,12,19354
0.09554685637850457,33,19708
0.0,17,19340
0.0,15,19996
0.36498675207695774,18,18910
0.0,15,20547
0.4358206556292532,15,20338
0.4359617606954267,17,19919
0.0,17,20482
0.4079548701119252,20,20203
0.0,15,20750
0.0,15,20678
0.0,17,21268
0.0,17,19310
0.35146928253841925,37,21114
0.4638812557706099,19,20683
0.4358206556292532,15,20223
0.0,18,19633
0.30529761689257884,36,20461
0.21431862620758935,40,20555
0.0,15,21235
0.0,17,19415
0.24219755893569872,55,20885
0.09254889171247116,21,20816
0.0,19,19675
