0.0,7,13558
0.0,7,11798
0.0,7,10019
0.06250225580406965,37,11653
0.13642804392616104,37,10862
0.43918268454785425,38,12520
0.0,7,11678
0.0,7,11292
0.023344229035500708,38,13137
0.0,7,10495
0.0,7,10331
0.38868954024924096,246,19683
0.0,7,11217
0.4390138756346841,29,10511
0.39923513068330807,61,12399
0.0,7,10142
0.6065119511446722,25,10317
0.0,20,10626
0.0013477932355714373,30,10977
0.022639631784776237,29,10754
0.0,7,11344
0.0,7,10542
0.0,7,11679
0.0,7,12612
0.0,7,11571
0.0,7,10790
0.0,7,11043
0.5379927593843833,56,13045
0.48765644560698584,6,11575
0.4242802190742432,23,10443
