0.9964315835864198,186,47629
0.9807280854318644,54,26876
0.9960386622833317,207,69007
0.9945836491236709,89,41346
0.9819668354744336,41,25167
0.9953402825713413,91,30765
0.9900862217679607,43,24014
0.9919740607537366,162,92228
0.99601215805577,232,50757
0.9946618646159229,126,50386
0.9832752244115985,240,38641
0.9952606607214747,41,25923
0.9953391568215127,136,41103
0.8741336978306882,38,23752
0.9850270659110074,77,28721
0.9940918389699258,130,35250
0.986035887849081,79,37717
0.9846947137529852,121,38170
0.9931450097772191,17,22827
0.9780566577645715,42,23915
0.9949631459859217,41,26704
0.9920863416689287,82,33738
0.9937413212042541,125,38052
0.9964935432547146,186,32813
0.9950006923298399,83,27032
0.9716422839575046,78,25408
0.9950296448643543,65,25850
0.9564583983120098,45,25038
0.9921533558875049,80,33476
0.9953781408616891,110,39151
