0.34796879829903704,38,20632
0.15895021812764343,29,20761
0.0,9,19713
0.0,9,21772
0.2321042947947205,25,20481
0.33579032463313485,34,20661
0.23901593853062764,40,19894
0.0,9,19988
0.20652327949611227,57,22018
0.22046836864172947,27,20255
0.27347858506946643,29,20130
0.0,9,19977
0.09591331575073603,36,20616
0.0,9,20374
0.15505938996748336,26,19872
0.2389523885702468,37,20446
0.19733971589800525,35,19698
0.32118232025252325,15,21167
0.0,9,21875
0.0,9,20803
0.0,9,20032
0.3017267295968761,57,20014
0.0,9,19030
0.0,11,22475
0.2949155689729015,37,19873
0.0,9,21850
0.0,9,19902
0.36962819830344196,28,18926
0.0,9,19868
0.0,9,20163
