0.9089939433840455,36,14335
0.9208424991595311,10,18539
0.9135662104229976,50,18362
0.9023416560730471,39,15374
0.9085750363050038,94,17182
0.870386187523368,112,20648
0.9197621461336417,50,15676
0.8788915044968377,35,15539
0.8717991416143358,45,16720
0.8153778478397914,95,21404
0.9115655240790358,43,19436
0.8847336152911497,55,14484
0.8890933925902728,37,12574
0.8973139685869498,56,14991
0.01026090111403688,30,13806
0.6093818250899314,19,14237
0.8175641814186694,100,20834
0.9381695380250508,60,18592
0.8884331563796959,119,23051
0.9394381964863636,58,18580
0.040839754664050654,29,13051
0.9184745394006201,48,15532
0.9123262892161121,70,20780
0.7947732251441788,126,18892
0.8548970999319445,66,19480
0.8739342884909606,41,20312
0.9174615184506756,35,13986
0.8986016302243234,48,14944
0.9066828690388151,30,14199
0.9144315767615339,47,15194
