0.9502399051209117,41,9824
0.9469350453458567,52,8878
0.8477951002351038,44,9419
0.9221065275019314,41,9208
0.9188049445355961,61,9962
0.9431929984152115,286,19097
0.944216889466328,118,13924
0.8275766431634323,39,8897
0.7854408583497745,67,8711
0.7293995779705178,56,9022
0.6999162367506475,71,10400
0.9430251138739238,83,9363
0.9270226768806834,50,9341
0.8964502502802421,44,8857
0.9237090211195452,59,9533
0.8587504663969507,52,8872
0.8289549209325862,58,10073
0.9549647875668803,22,8419
0.93794084295555,48,9869
0.9284901555189562,75,11278
0.8358312050334131,85,10319
0.7861918806597772,65,10664
0.86673698505191,57,9073
0.8589642414731895,77,10299
0.9317567433076783,36,8657
0.6821509488910178,60,9440
0.9548555054026684,82,11890
0.953648047441055,49,10222
0.746009512873282,59,9867
0.6871042651491308,43,9604
