0.2206795262760557,23,206123
0.06543573102174638,14,78620
0.07840007025880358,48,123962
0.09250361353371139,19,55930
0.19803434317978963,25,126028
0.03719239368943461,30,103104
0.19245483048038048,38,61054
0.07299833236585396,49,87172
0.2479041820566441,33,314700
0.054630456402287364,79,74281
0.02493530123129073,32,70646
0.09066454056121209,44,176650
0.07068782184591771,69,90316
0.11386616951616335,83,119772
0.15137977887538145,95,185541
0.14185483706912538,316,249966
0.07289650614517473,27,47045
0.09350973517215388,450,211295
0.25556978349893944,73,126316
0.05567349726038395,32,82688
0.11691682312515528,12,73323
0.07452185094350938,27,331644
0.11528716592568766,60,134533
0.0928847420571246,26,82549
0.01866808755581084,92,456325
0.28953151038470537,28,68836
0.36163444950363743,50,267921
0.15051037993209504,1720,195946
0.08975317225639123,314,416496
0.1698773838501736,24,378402
