0.9754743131884314,120,106512
0.9551827147683373,131,112970
0.9495155746633841,273,192052
0.9512122443964113,30,67679
0.959866920037793,294,285525
0.9662246797848948,135,84478
0.9703356833192625,32,74881
0.9587714092557585,120,116795
0.9579185379822494,100,144691
0.9660109173265157,133,506580
0.965770072159575,62,208261
0.9707799476412741,17,131191
0.9654443613033664,25,361896
0.9676413424211686,29,153359
0.9641323924604132,184,108542
0.9649244201922419,17,111729
0.9732293721149071,33,73729
0.9630167620704375,297,167781
0.9652957052729197,88,95858
0.9726749810596131,52,231196
0.9661249950250743,194,165076
0.9615077454042164,39,112573
0.9513364015236334,46,86748
0.9748386115479775,29,110734
0.9658154715439956,87,543183
0.9199385101787517,56,92741
0.9647690058200259,57,278262
0.9632758672630306,13,164051
0.966484930090739,71,125956
0.9458201965618949,91,83546
