0.0,7,15954
0.047240692985378474,37,31589
0.005860259383174027,30,15146
0.013878609603652392,28,14555
0.633280951985339,32,13857
0.6228713752118529,55,16985
0.1318431651312727,9,14086
0.0,7,13837
0.0,7,13543
0.0,7,15675
0.0,7,14942
0.44214580837573514,36,15824
0.0,7,14715
0.01011918571233894,24,15652
0.5418463040368025,48,15484
0.5485643514064169,56,15514
0.058860137238948895,38,14976
0.5301591566385111,41,14822
0.015851693068966166,29,13428
0.0,7,13979
0.1318431651312728,9,14880
0.03814216752870925,18,13884
0.0,7,14791
0.5257567699788122,42,15006
0.0,7,15675
0.1318431651312728,7,16248
0.10361747588555803,61,16299
0.0,7,14525
0.0,7,15724
0.429169488719253,21,14942
