0.3487840799833718,53,9723
0.20219700648161232,43,10773
0.33031026195851054,41,9999
0.33007044108265715,36,9487
0.37664205346008783,17,9300
0.3940931193466424,35,8746
0.25924078324704736,61,8952
0.17326877401217133,31,8993
0.2691282294796594,21,8990
0.21496500837008692,41,9129
0.50162241525267,93,11430
0.40935260385699923,13,9373
0.46173565776674463,71,10505
0.24079527773511433,34,8349
1.5543122344752192E-15,21,9702
0.37664205346008783,17,9451
0.17857752127233006,46,9203
0.1841331435741218,54,10384
0.4068616357669256,23,8984
0.16014465311810044,38,10038
0.25415326277087213,42,9284
0.3731701928074085,55,11197
0.4226274609255958,21,9401
0.5479350637615823,61,11280
0.2716387078003122,38,9790
0.2156139896765239,27,10103
0.30983083154431057,32,9944
0.37664205346008794,15,8591
1.5543122344752192E-15,19,10647
0.4705776859462628,13,9905
