0.21760097322069039,25,8782
4.0114489507914186E-10,69,21884
0.0,8,8091
0.0,8,9374
0.0,8,9222
0.3528879861800759,32,9089
0.34160085406203666,60,9808
0.15552336680457868,18,9641
1.7763568394002505E-15,10,8052
0.3633878671918156,31,7829
0.0,11,8044
0.2143515184981487,56,10794
0.34281743551571,31,9192
0.0,8,7507
0.0,8,8270
0.24048605794076638,27,8355
0.0,8,9077
0.0,10,8674
0.38008474075559073,68,12520
0.0,8,9185
0.25541868031766535,56,9900
0.32533903685483145,85,12185
0.3394435167057568,59,9990
0.32369806095746767,16,7789
0.0,8,8731
0.0,8,9058
0.38665690051299206,29,10070
0.0,8,8607
0.0,8,9986
0.6515840985264807,24,8586
