0.41628719554739235,19,1575146
0.38004700145043,48,1627566
0.22735479015184912,32,1565924
0.39337312098857236,23,1605083
0.3617619117044887,34,1657609
0.3586725186301273,33,1631748
0.3956781957381996,32,1626719
0.3498740748726864,38,1610233
0.37203902918447396,35,1612083
0.3011423750091663,48,1588557
0.3614516841138724,35,1631904
0.3536293425745751,27,1583159
0.3420812376145107,33,1653560
0.40335189680538275,25,1628599
0.35732305052487956,23,1619332
0.36191312003409526,34,1521776
0.39169962548875503,27,1625311
0.35051585556313203,34,1508106
0.3463016894692549,30,1513091
0.36894211269455424,34,1566812
