0.03630577807465074,69,17682
0.166004705289705,26,17328
0.30590732941300236,31,14747
0.5161725284912457,34,14310
0.12020662235669355,16,13200
0.04564955230195156,24,13636
0.14320890002476439,19,12976
0.13252919372918825,32,15290
0.09238192143858537,41,14535
0.09607550032902235,30,14317
0.22609416845303054,51,14406
0.1297153150436966,64,23791
0.3402122129152234,220,32018
0.12502236127770427,23,13463
0.01728752507485909,84,16960
0.19851792803796464,31,12299
0.03747572266121435,28,14780
0.12119616813435563,23,12178
0.06955399210828406,20,13212
0.24857330961058144,17,12283
0.2875698434503774,50,14261
0.053152584570870576,34,13499
0.16391399642063453,23,13323
0.10077096497615246,25,12651
0.15114463979733161,120,21138
0.11036982264437523,13,14582
0.40890012046115487,32,13141
0.22862252501995628,47,15153
0.048185076279923966,55,17046
0.10858451789104717,35,14016
