0.9548653291999945,81,19524
0.9354965211252804,63,19716
0.9593025636119674,35,16507
0.9576746019209619,28,17691
0.9250353192175592,27,18667
0.9473856244513347,63,19042
0.8990862159528612,36,17201
0.9566055200768938,79,18767
0.8761819010843477,69,18627
0.9369976934848926,59,18525
0.944250577333549,13,18032
0.938745736977886,29,17141
0.95564264208079,55,18336
0.8524041343904128,47,17751
0.8658772699068146,75,19676
0.9525740129857873,56,18978
0.9224191339984733,89,20565
0.9534707664234892,75,19946
0.956662928832603,72,19188
0.8360925688534944,46,19494
0.884246938479991,95,20139
0.9504549164843635,38,20004
0.9296713670518338,63,20063
0.961639878582881,56,19225
0.86832222854523,48,18566
0.9339443204869914,42,18626
0.8477648811043131,46,17409
0.962957216207529,133,22189
0.8690566410195215,66,19702
0.9250204775809662,106,19966
