0.057180755940193784,87,30207
0.012130947663976821,30,14585
0.007056372018431345,26,10959
0.06297706580354612,304,52078
0.2150626927239735,27,14212
0.01118833620086368,25,13199
0.1083450088738187,40,14068
0.29872510045192036,19,12667
0.04956159267200033,16,14757
0.18591975535336835,72,17770
0.025386950982530077,11,23958
0.027826245719805187,47,13577
0.06755453162353053,24,13671
0.025297235656766004,18,15545
0.016832207817308986,22,18668
0.01860976274649262,23,13000
0.022507672801902245,32,13176
0.04948093171848611,19,13549
0.14461883299348732,15,12912
0.07438911323575859,27,14939
0.01562997731791671,18,16208
0.016629299713328938,18,12849
0.005064716713605533,24,13357
0.043566518902616314,50,14894
0.012014659397665106,26,13413
0.047857486250018955,33,14645
0.00801891721232073,35,13147
0.16777101397912864,31,19699
0.08915565515225032,24,13112
0.11986824969881915,23,15352
