0.02733189964921745,58,17058
0.0923489733742523,34,19896
0.052705558272107655,82,28918
0.09126809152287019,40,19908
0.09042312548678222,19,13755
0.05144426694589177,25,16128
0.023393973802098178,25,14511
0.05540614349893991,32,16334
0.34248750798391103,36,19672
0.055374072690599685,155,15466
0.06116745119760392,41,15580
0.09267466290014614,67,18144
0.08510755096719758,24,13989
0.027223083487292743,87,16793
0.059682545820870736,31,15072
0.1049771225482159,52,15077
0.018571414289293875,142,18820
0.12331615294018339,53,19633
0.08164518499636542,48,15933
0.022085621539239653,67,23149
0.10308539749356138,14,12827
0.06872119655133146,34,16197
0.05210095935995718,59,18770
0.14396408741107936,46,15732
0.03487018418773624,17,13316
0.03865044555121022,143,23009
0.1659799899068496,56,15906
0.10308539749356171,14,14916
0.10308539749356194,12,15096
0.05212353597468744,56,16467
