0.6629176337451255,50,10777
1.3322676295501878E-15,29,10807
0.9526239819165997,30,13410
0.6311301954391979,71,15233
0.17631528558843834,29,13044
0.17463024926837134,29,10187
0.9685739881853586,40,20211
0.8925085486893178,21,13915
0.8282598914571857,28,10590
0.9342593218816934,64,11941
0.7396343948627118,61,12544
0.8249563941785819,36,11334
0.689863904132314,59,10289
0.8677206188224877,64,13253
0.5936678896854021,53,12121
0.0,31,10515
0.04837980653446727,22,10434
0.19698770744896288,37,11516
2.220446049250313E-15,19,14955
0.23293389962617161,27,22090
0.0,20,10924
0.8674274482042563,690,69921
0.8868937975410583,104,14470
3.9968028886505635E-15,25,10491
0.009753891201315423,21,11909
0.3881809632834413,85,11833
0.01940726251709346,20,11505
0.0,40,11335
0.34970089631960233,52,11597
0.9604326224810689,110,15707
