0.3577268821652052,28,14777
0.3558462943640385,53,15249
0.3524086758994198,32,15269
0.21296704211131745,114,20174
0.36244458417424374,205,33985
0.36978207478130587,40,14728
0.11054052402941072,184,20612
0.3950203940742628,44,24478
0.31892944456246863,115,21319
0.1941950171047816,55,19513
0.2560844949528088,53,17752
0.3657740545618283,59,15403
0.376395838278497,52,15438
0.3489509430512291,43,15305
0.33261380502206606,41,15040
0.21924200694289586,68,17630
0.3797905165151193,95,16734
0.3142751650504595,386,48503
0.4029732190130274,22,15149
0.3467026190515766,41,15878
0.08261283405774977,33,13809
0.21220775542527803,42,18238
0.36360996634958986,83,16199
0.3602814496530029,31,22358
0.35520323760507433,83,17251
0.3699271167084859,33,13864
0.2680993202904206,40,14394
0.34552715823624935,39,118532
0.3389331486248298,247,24967
0.34113333134709145,68,19176
