0.05473175175629397,13,18756
0.209658082230485,35,14237
0.03392781384977894,25,13920
0.2753450185105828,26,14029
0.03125708212377021,349,26224
0.27252898285200544,59,16059
0.26334832879128145,52,15811
0.10771406536308059,26,34025
0.10883474341742694,36,14647
0.08599442482805264,64,37394
0.053364265901689634,21,13825
0.22714635039786002,20,13127
0.11493631735817111,32,14630
0.25881919383080454,19,13114
0.21408905350968555,40,14525
0.2066089482894906,19,15070
0.18609950943391274,87,16445
0.25640352703697933,54,14891
0.3052375497431711,37,14159
0.08603201861341325,18,18549
0.0547264768495177,49,15086
0.16729333538046132,13,15663
0.051071405204297315,70,14708
0.1484657117008742,48,14253
0.1451642569131033,87,26571
0.02092445848452662,28,14761
0.12328297261661436,62,15946
0.06243668324526608,46,14310
0.2546068838428215,14,12580
0.10916398916661141,30,13053
