0.08700740625443693,41,11108
0.18407521792185133,42,11920
0.23778817170441313,25,11213
0.10145852431469371,35,10322
0.06822947153105963,61,23451
0.1276188444171561,54,13549
0.16694943554914254,26,11270
0.09563949320848941,25,10379
0.029561622133594923,71,13165
0.0873784306707871,37,11777
0.2526814198320806,16,49710
0.07064586632898429,31,11116
0.1285820205936724,42,10931
0.2788621725912406,78,14137
0.24503153286574675,148,14614
0.1828421256072248,54,15700
0.1147060997018935,19,9850
0.34187876001771456,21,12723
0.10060746149820354,66,26543
0.24403285518070317,41,12405
0.17048173973169412,26,10337
0.08183343086252404,29,11795
0.05309689184938904,23,11095
0.14258935986748122,34,12271
0.1132158924365596,21,10275
0.19696676075777575,27,10532
0.03919490118859692,108,18143
0.16744653695163858,112,244672
0.1071790398850273,85,15714
0.1027897171765112,19,30675
