0.0,9,48785
0.0,9,47001
0.44002263593361024,23,61633
0.0,9,44101
0.0,9,56875
0.0,9,43259
0.17819726188889717,22,51843
0.0,9,49618
0.0,9,44169
0.0,9,45500
0.0,9,45138
0.15862381756981636,32,46751
0.2292544091928116,32,51737
0.0,9,47402
0.0,9,52490
0.0,9,42947
0.08881103863172946,59,50490
0.0,9,46454
0.0,9,46611
0.40816236193948585,23,58598
0.0,13,41429
0.0,10,43518
0.0,9,37850
0.3094701816510004,28,52191
0.0,9,42291
0.0,9,42508
0.0,9,41891
0.46324109588606366,47,44864
0.0,9,37030
0.1239489023420629,36,48937
