0.8535633664610206,42,13738
0.9312961489493236,83,14100
0.9224781661049721,30,12904
0.7739114146121986,82,18127
0.9435630068804395,57,13502
0.9577747719649371,54,13032
0.9134216587192343,46,13172
0.8198848490365059,102,20865
0.9577968082415764,38,12363
0.9123224518663892,83,13988
0.7621166128651011,79,15395
0.9521814117437487,61,17465
0.8773300746033145,48,12357
0.9403808472836677,43,14860
0.8308175469024242,52,16017
0.9168771295770028,45,12308
0.9445390578190328,107,17659
0.8373423235515862,47,14651
0.933230700165215,49,14978
0.8902222495587122,32,14327
0.7965975444285831,58,13745
0.8008865619387642,57,14888
0.9408899260644994,35,12096
0.79697292818613,104,17906
0.8662240453364906,63,15186
0.951948804912519,112,25304
0.9397549904669242,82,17494
0.8646433765903312,47,17452
0.9502910856090104,49,15171
0.8146171071148081,74,13931
