0.6086276018256912,59,17875
0.29219321010942034,61,17811
0.6505643944030888,54,16776
0.6447606452101075,129,20704
0.4157415663028552,29,14676
0.5465159438771511,60,15739
0.7308486141628858,20,12084
0.6764613383965836,372,62130
0.6895826478143985,82,15597
0.5677933424679698,55,14628
0.7321926458290524,134,17681
0.3464342684386632,130,20500
0.4324269608713984,472,39407
0.7185079595463812,71,85021
0.3578830551979981,214,23652
0.6139753507126637,138,26908
0.614319600519365,174,22217
0.6959318688835685,47,20339
0.6863350657355805,115,18066
0.6957746163924362,41,20144
0.28238493235310935,91,15935
0.7774097159453061,72,16353
0.3053102729896503,54,15977
0.39028545775920187,73,15746
0.709002337596652,434,31286
0.3255350370453396,76,25670
0.4045037122831818,62,16768
0.6252385412202938,262,29466
0.47073998214809254,134,24539
0.5026593742621219,155,17952
