0.9800412523441894,27,16555
0.9695382013970681,268,20890
0.9818022945444278,136,17492
0.9858620470457498,26,13322
0.9708579638347057,63,14909
0.9752600421456947,43,15359
0.9943315196748469,168,18187
0.9788153840880001,52,15945
0.9846446746232993,66,15748
0.9855279152234138,82,14551
0.9832035107331197,64,15927
0.9732520789404022,80,15951
0.9259741431282522,55,16216
0.9785165354431624,65,16563
0.9793751397454052,85,15236
0.9906923021292172,48,16502
0.974353994722034,117,23015
0.9815356890534425,158,18279
0.9855151085815621,34,17430
0.9918041021625802,22,20656
0.9647556999878945,58,15296
0.990293742410197,105,17115
0.9952368291405344,77,16160
0.9727469294419346,69,17709
0.9831419474548379,47,17398
0.9793926228970748,52,14529
0.9917026642223655,37,14593
0.9675655432257716,117,18805
0.9787571135614018,47,16040
0.98443248254938,49,14433
