0.3735218828993023,47,12962
0.349053598935505,41,13504
0.35084188845605924,17,15646
0.39756009347306565,26,16891
0.3659673029566485,37,26920
0.3488352198736523,20,14157
0.28279253359809375,21,11848
0.3380974115382458,58,13018
0.3586092892963445,26,13493
0.39534843248758766,17,11507
0.3361506823751942,152,32379
0.4676360471311426,9,11696
0.3512903333218219,53,15395
0.3190846095528146,35,14928
0.33412716178275514,48,18132
0.33867909081703007,35,14222
0.2613402813604546,27,14174
0.3556075663558588,28,12147
0.3858025639254553,19,11760
0.3537308799853828,43,14611
0.3346726251943529,38,13641
0.35903763303705993,35,12295
0.3642728317539541,29,14382
0.42133153080489705,1418,210918
0.3195866634521366,24,13593
0.3458323713282857,45,12793
0.31266752441706225,32,12552
0.3873792872341554,32,18332
0.34187920972432306,34,12965
0.35091423030864477,44,13207
