0.0,8,9930
0.03786852605680058,87,14374
0.2513930875635243,70,13219
0.0,8,12205
0.08275635934091563,36,11079
0.0,8,11648
0.0,8,10752
0.31557650586508756,49,12270
0.23709695121357433,43,12824
0.0,11,14166
0.0,8,10136
0.0,11,10211
0.1378683186926224,45,11605
0.0,8,10302
0.0,8,10111
0.0,8,9825
0.0,8,11659
0.37047411906755934,29,11493
0.3264404335421921,25,11107
0.26365839754499365,34,13008
0.06933648714459884,24,10221
0.0,9,9357
0.0,8,11921
0.23045800596830823,24,12062
0.0,8,11138
0.3603202709030534,37,12473
0.43404862008774303,51,13279
0.0,8,10516
0.22860311184078175,22,9373
0.28899255764336906,55,10913
