0.26117724161554157,32,16742
0.0,9,13963
0.0,11,17342
0.11693161624409976,25,13672
0.0,9,15264
0.0,9,16223
0.0,9,16589
0.6411475481657436,33,16259
0.0,11,15511
0.1720895076746204,49,15777
0.0,9,14120
0.3302018111397558,28,14092
0.0,11,16521
0.12563552485295493,19,13481
0.0,11,14691
0.0,15,15440
0.24743707620804212,43,14503
0.37671460852240235,23,14610
0.0,9,19138
0.06415347341841782,35,15492
0.24564076212544328,38,14306
0.0,9,14912
0.1594807948599951,91,17175
0.09252025750069803,31,24667
0.2722787282559671,29,14738
0.137346576727974,35,16182
0.0,9,17472
0.0,224,18391
0.0,12,16396
0.0,9,14790
