0.8005075999286626,45,17304
0.609570202576641,29,14315
0.839302452938779,46,12700
0.7407287735670546,70,21845
0.8982636539938086,53,15783
0.7099936475984476,24,12940
0.775278654800908,21,12550
0.8950631671566895,10,15949
0.8001919173676811,16,18291
0.821397366312107,28,13672
0.858631303035151,103,17460
0.887766277623981,21,13712
0.8350248270008727,149,22751
0.8738176777616469,20,12385
0.6145203711433329,63,14234
0.8503473768206741,20,13641
0.6548739192909502,41,12118
0.839405698244176,34,14741
0.577096801039473,24,12737
0.8967832914214483,92,31074
0.8925917709473801,24,13555
0.8897687079019514,88,16285
0.6941903951147949,36,20253
0.7505940010802453,16,12800
0.8860533393532027,47,18471
0.6956745125863267,79,14321
0.8975451076911961,44,14134
0.892977193943271,82,20118
0.8629332032134188,230,87619
0.7035839582684719,36,15031
