0.3105885423662058,27,21812
0.34991083900059683,23,69727
0.3521271963736542,91,61002
0.3955691972313853,22,51718
0.405001481234344,16,26016
0.4312165212832789,17,20525
0.39609206304156064,432,45586
0.4676360471311426,9,64338
0.3609220717476984,66,24216
0.3743167483855827,34,31473
0.4381873748378372,16,30921
0.36694927103385433,25,36678
0.3273308700785238,45,36385
0.3386134036372228,31,28442
0.40079662700192376,22,37704
0.34729297922076163,64,79369
0.4378006226816462,24,30019
0.3987586190704482,23,40558
0.3366951172021191,35,30092
0.4115623250153845,36,146627
0.24972613373470576,42,34843
0.4290629972289267,28,23353
0.39325456577326345,28,94272
0.4377232865814149,18,45774
0.4291902383554551,21,58573
0.3699818558706309,55,39640
0.36052505109234567,65,24830
0.4676360471311426,9,344443
0.37293999670282796,33,46404
0.37476284037438234,22,55243
