0.7730753994169415,32,20123
0.9055675905475775,10,14300
0.8200584277626166,10,13615
0.8915256158822568,37,13956
0.8986106939331631,46,14202
0.8699585356458859,32,13920
0.8350053844671035,36,14092
0.897821437646604,66,16177
0.9002591703421693,62,14534
0.9069452938964614,8,13961
0.9038684217350665,74,18149
0.9016411842988945,54,17100
0.902670347486133,19,15655
0.8950631671566895,9,13691
0.8621221769477536,36,14744
0.8934030451528089,18,14320
0.8383902126333826,38,14687
0.9049496990131896,12,14523
0.8399921281144056,53,15540
0.8591365480130354,35,14542
0.8941656292803641,11,14083
0.9001013970735492,57,15761
0.864220452684302,155,17447
0.8385834248081694,45,15408
0.9010912535766218,55,16342
0.7782914051659937,20,15247
0.9036915947076034,38,14369
0.7822910717341851,83,15420
0.8901602774659636,52,15600
0.89765614456554,18,14150
