0.6070934876474439,98,22783
0.9704478565322449,12,17883
0.9688343430281326,246,19671
0.9621394998601341,85,14915
0.730624273853705,63,20784
0.7792200323185989,33,16655
1.3322676295501878E-15,38,13827
0.9356884675921523,18,20325
0.0017390417930737145,60,18253
0.8383494652772073,44,14913
0.9604846384520629,42,31897
0.9265212448508341,86,17709
0.625024594491493,62,14797
0.22055577164854534,16,13809
0.9587368682182986,22,23375
0.7767477578290043,78,18504
0.9510466109051956,44,13774
0.4469929377765369,44,14612
0.11604096226328386,69,13253
0.9628409027713524,63,14853
0.9325894503212722,68,15628
0.9222399833216436,29,13765
0.9333620007259616,22,15203
0.8421096001879077,15,202861
0.16019972197180588,94,28488
0.13757598067838483,36,15336
0.6395278367404235,114,17839
0.8723285583157461,38,15872
0.9712170725356086,7,16125
0.7682715393543393,22,14585
