0.3386420707956198,31,10807
0.361507782862599,38,11421
0.25920138235502344,24,10447
0.22339993231719613,37,9214
0.368419473335744,36,9877
0.3462243831918801,55,10256
0.40973094594599535,13,9199
0.38420796011493064,38,47671
0.34469374164152033,31,8429
0.36415652082082195,44,17239
0.3273774762227578,44,9546
0.3842962306556317,27,8850
0.3631626819886776,56,9633
0.0257113064926201,95,12081
0.2524134102158958,39,9699
0.1302501255939993,128,10410
0.09143147609586522,76,12143
0.3823541113386537,32,70111
0.17666501817090452,87,9945
0.32441608597297344,25,10347
0.3743255686485748,147,16082
0.19232057937025138,45,13736
0.37270324470954563,24,8210
0.08597648898573573,24,9464
0.38452105704719164,16,9398
0.1472534942442042,76,11972
0.34865409745318676,18,9291
0.19374985192125382,83,12044
0.3497792031803748,30,9831
0.34382272963163363,39,19369
