0.8975765009421847,106,18392
0.8666394923831476,105,13904
0.8985126538568358,27,13828
0.8488925439481898,238,25074
0.9282069336048601,26,16104
0.8670990947805168,24,13256
0.893684031488053,63,12879
0.8665799938545928,335,34482
0.83222989460084,58,14194
0.8819725713596264,55,17606
0.9269134880728815,51,16601
0.92883700104591,39,13463
0.9250202767456022,76,14240
0.8825477284403184,49,14903
0.9148249168884437,106,18272
0.9239119164247027,38,19917
0.6886642991132288,56,14674
0.89737717880617,43,15380
0.8991199141418389,42,13430
0.9153734950648126,27,12297
0.8950281786010903,546,41803
0.9253832860266499,54,16355
0.886465197514388,63,18470
0.8837919633792806,47,14862
0.9001628182673731,218,23094
0.9098682170635077,48,15558
0.8733292773823808,44,16499
0.8893368696953581,96,19285
0.9397661844687244,196,23081
0.918323375601474,80,18076
