0.7390100604532804,93,18263
0.6522671642155944,63,16227
0.45570211255534665,81,22663
0.3734433435697625,133,23240
0.6642031952944321,109,28620
0.7014619023625395,233,22077
0.5136522412987119,54,23511
0.4723178076707545,31,14375
0.708251829865653,205,19459
0.6780812839006505,75,15918
0.599894868129873,82,17021
0.6426172076928208,13191,1576632
0.6706626261668465,114,28009
0.7670553004394635,32,16875
0.1932780723243671,142,18632
0.6841015886561552,308,43262
0.6849845975396034,45,16175
0.6851642753991198,300,22831
0.2935120178902444,222,24311
0.49558012832679377,84,17832
0.5072686938094101,105,24143
0.49654943541256646,411,23744
0.3995291586518711,50,16267
0.49000632214863393,30,13932
0.5105778283015832,34,14915
0.4423966507507482,163,25184
0.34426502082474986,79,24505
0.7780703873899769,75,17777
0.5834674698668318,51,16038
0.64574535658838,81,19175
