0.9925589997085126,43,34532
0.9943058643564139,68,40268
0.9959783902421433,120,39313
0.9968399831127441,97,43304
0.9954124731381123,62,37304
0.9959284836557539,188,45041
0.9969740531287988,35,34739
0.9921831467287,26,36188
0.9966001896717662,53,36423
0.9952136241493136,62,40470
0.9976115403779435,44,35105
0.9892967895465349,140,45303
0.9904289045679434,83,38913
0.993004928649382,31,35900
0.9964216581678578,74,36626
0.9953622936217693,7,37137
0.9912210618033339,49,35086
0.995114876989904,78,36673
0.9976530183062705,38,35028
0.9909588613844459,41,37600
0.9931484105438886,67,38460
0.9915860167168469,25,40864
0.9858614099446498,41,33124
0.9732760920462586,37,35040
0.9946234231580128,12,36806
0.9973483407836256,13,35957
0.9855715374750266,79,37618
0.988914282753594,108,36756
0.9919122429801978,63,39931
0.9976524918147472,12,32043
