0.8991678672593277,35,109027
0.8353638210341298,113,67926
0.8774720780694218,147,160368
0.9036213400689024,12,103874
0.7271001558035102,11,92573
0.8950631671566895,9,192536
0.8986585200211983,7824,2869907
0.8927401221140918,1304,259758
0.8999707704905386,19,67950
0.9028528296855824,15,137016
0.8942259510599563,50,92148
0.8386885790304249,39,61540
0.7396190788686092,28,271765
0.8800832730947273,21,283770
0.8881614947089221,34,99779
0.8054068745400608,15,79789
0.9068861656610064,14,104124
0.7510352427857784,22,143847
0.8540088484682586,127,82396
0.9044406672400866,21,99129
0.8151022610349883,569,114026
0.7898706145313312,27,54042
0.8400386738600542,13,119987
0.8613982236822066,129,164879
0.6921755674430516,31,74799
0.883557285043463,23,54737
0.90267791356099,310,67721
0.8179082456036617,441,83202
0.8782310041487669,95,99796
0.7094968420561347,52,185794
