0.0,17,15371
0.3573700474478755,28,14314
0.24744374190504448,45,15432
0.37553500959256503,32,15851
0.3492296635461448,41,14962
0.16645616372033345,27,15453
0.0,15,18888
0.0,17,15124
0.2317189557809367,32,14814
0.27454863678436026,52,18375
0.16311765556825686,51,14780
0.26069772674323544,49,16662
0.19458945228696245,46,15122
0.0,19,17828
0.2387120726850256,24,12145
0.0,17,15587
0.48269292060010016,11,17441
0.14290706251544982,118,18802
0.11766541814769638,59,17701
0.46388125577061035,17,14066
0.3150606439315806,47,16862
0.3444178654954996,43,19424
0.2593739195582154,51,15379
0.3358177153662737,175,22879
0.0,17,15845
0.5030298511127667,26,14067
0.3756779023285459,22,18474
0.32625178682642875,43,15626
0.21314117619125283,35,13580
0.3431701458334786,41,14138
