0.9834880522614622,30,53555
0.9830660184838856,21,67431
0.9833048825682633,48,20138
0.9892366952384772,127,23549
0.9848647315311825,73,39636
0.9813594648016902,24,24888
0.986711458752103,31,29869
0.9911926670371013,51,50240
0.9858185850489057,28,76857
0.9828128252413058,45,76407
0.9839714483823121,48,28089
0.9836104867400145,91,28869
0.975845681857722,44,25868
0.9824011555640285,24,34418
0.9679260920485188,506,40967
0.9559171508613666,73,31643
0.9764838411883194,43,34813
0.9821727812622737,29,27070
0.9652354168776612,41,71411
0.9759856382022392,84,74706
0.982020286703908,174,32343
0.9740313523451251,29,17269
0.9878898722399283,54,30653
0.9774541535743815,124,62845
0.9812997055864492,25,50746
0.9316939091754872,78,55096
0.9832201346338091,73,20657
0.9820840098122959,62,31961
0.9842887380946029,29,30265
0.9821922535168834,33,24573
