0.2881515691049046,117,19184
1.5543122344752192E-15,21,15178
0.18906490076157545,39,15829
0.17022078629826387,36,14658
0.24299884709571362,24,14095
0.17074510266921183,42,14161
0.3583577128500469,44,13864
0.07644180946154677,39,15425
0.2619399035586806,36,15555
0.1651541142505435,28,14273
0.2712607086990504,65,13419
0.2580933594857965,23,13428
0.3126802687303326,71,17751
0.21473874214235023,42,15189
0.2788981064246241,23,13026
0.2539950799542172,36,14698
0.1641530190174897,32,14583
0.27719486680160965,37,13440
0.293425005640225,50,14445
0.3558372957755581,55,15126
0.012028947606249507,50,12700
0.31893362300711403,41,15214
0.25583409630453546,54,16004
0.34098398060398705,46,15192
0.40429900417129727,49,15541
0.2999531896453186,46,14672
0.4000555977279372,36,14809
0.26650631136089364,130,18630
0.2684398742291534,55,16181
0.19491828635867103,40,15914
