0.11978895871633777,63,18228
0.025386950982530077,11,14869
0.046942654430557784,58,31394
0.05673152103403145,31,15138
0.022213723747683156,18,35432
0.07399283717105332,20,12992
0.024549471098683218,41,14678
0.3814193137665951,99,259662
0.3440555856942693,45,14914
0.08770756034765048,600,197261
0.018402916761433796,22,12988
0.11125823926819278,37,14224
0.5535863094966694,177,26327
0.022637240156935245,19,14453
0.1268747791196706,18,15423
0.016363991186815863,18,15999
0.1087415104701358,47,44678
0.09615649183745534,40,13215
0.020697613556950656,19,12243
0.0825421612580216,102,44261
0.08912228570634173,62,13638
0.18149896339021554,58,16875
0.04480483298666549,39,25717
0.0769065124339795,24,26817
0.011157979348460856,24,12547
0.07809150417107147,80,16829
0.08527123530084213,42,14317
0.062169984573276826,73,17591
0.02213661312672177,18,15005
0.23161307100079542,60,13640
