0.9116102055505002,134,112217
0.9330625619011921,34,197828
0.9213810465783907,189,155478
0.8962146726596499,66,101972
0.8837659808464873,104,95026
0.8780228744227766,335,221444
0.8870038673654216,314,142432
0.9390327224134963,10,159153
0.9244948749230609,260,90556
0.9334423718147644,168,67010
0.9317679627025937,191,84878
0.9318521131502107,40,92084
0.9372225541645338,18,197980
0.890362724370421,126,176800
0.9392010877707426,9,89276
0.8926212284655273,128,79343
0.9125150936051538,263,101174
0.9339908149907856,21,72158
0.930227277547211,25,158221
0.8866162295078348,409,178651
0.9134519597329307,89,72431
0.94722036464793,35,73029
0.861256787683068,250,91256
0.904963283459267,217,193776
0.9107408608614832,163,236563
0.9158972363932939,45,444352
0.9216309662786712,31,63862
0.8151303410762664,160,133469
0.9267928632311004,150,107177
0.8246189415011066,161,133484
