0.9877226411140729,26,76810
0.9804309432454915,82,70851
0.9880397523007044,85,96075
0.9801065791860392,81,64420
0.9807406922943389,54,75069
0.9878436652686945,109,69028
0.995537704355137,61,231709
0.9815121996707658,81,71493
0.9862707045747307,47,101135
0.9746955987177026,94,100174
0.9858289055127253,65,63231
0.9754760713933757,55,64500
0.9780813887832799,186,61848
0.9821538175492467,56,92240
0.986545868917179,51,79810
0.9823027487023018,46,62302
0.9841610291471059,46,60773
0.9947994021174985,40,100279
0.9782608695652174,20,80930
0.9817790550243337,82,78510
0.9854519663286657,33,253322
0.9756785181142457,36,105587
0.9851498655130393,54,45494
0.9851306137543523,85,59200
0.992302327946264,40,84869
0.9923789231425049,36,85738
0.992352411295934,68,109587
0.9812720830734747,82,55897
0.9922650567706592,100,92810
0.9863168174755533,17,61437
