0.9687539231566085,36,13470
0.8015949428540177,53,17534
0.8595022154654113,46,12947
0.0,20,12472
0.846223824302486,105,19069
0.0,29,15233
0.04065398653480912,29,20796
0.3339323519631038,36,25926
0.378532532462467,41,14803
0.8827957442104919,12,12218
0.796115903114199,16,13716
0.045613558268015164,28,11067
0.594709614006239,25,13823
0.9446006776917125,12,12151
0.9700670966808509,32,18593
0.006113914944158139,31,13868
0.9349374253318691,32,17016
0.6774708774595177,76,26092
0.6300588920304513,76,16008
0.6852282517053985,14,12024
0.8770310931261056,26,35281
0.0,22,12902
0.29566491046536436,20,12117
0.33502403941547265,30,12595
0.9321988735100761,112,79153
0.06806273267369989,41,14681
0.6753786854697837,48,13373
0.7082000644409606,33,13885
0.01674126761049155,24,12719
0.8286510211117633,18,12061
