0.9353700768352835,213,73695
0.8898474002434542,47,132333
0.897135568878492,27,29387
0.9677976034050287,329,29127
0.9589087460601675,238,58666
0.9519947225531409,98,151998
0.9478753387158022,69,34305
0.9715495784522297,33,42460
0.8913912730492891,43,89751
0.9460443219542519,127,43750
0.9576723062907461,33,69287
0.9487540720509684,31,42894
0.9480883569945211,71,62527
0.9543147788541104,163,57855
0.9504077685788553,47,31970
0.9751899306578292,182,32583
0.9142080331171945,78,68048
0.9643227509152683,33,88479
0.959025918524727,56,150319
0.9697418456962782,72,41008
0.9643399142985136,22,66667
0.9615588531511914,110,39864
0.9449331312931013,169,283209
0.9634542782683657,157,67239
0.9486627998600509,40,38662
0.9574083265870962,90,58512
0.9552405470494616,34,29459
0.9477537598786386,45,45293
0.9647551639566025,92,32981
0.9614242982056985,177,43139
