0.025386950982530077,11,113101
0.2072329838326591,9,130429
0.13853478183225154,32,90084
0.042431829420901956,21,201888
0.021495113638458352,18,63416
0.10360826136812762,36,102568
0.04076588007935911,18,42951
0.03847601485228502,35,179154
0.05843319222682375,24,124137
0.07846116850625884,26,39271
0.04065661597352721,20,103321
0.05832105823974809,64,31403
0.023645621325544264,22,46841
0.11925314786631236,58,75320
0.02527453689445902,34,39455
0.05858922723380788,23,61617
0.24853824920817402,50,67614
0.2860440447521113,12,44767
0.0182511581701138,22,50920
0.20723298383265887,11,214028
0.03123819176181797,21,134569
0.026657000719167545,50,109601
0.010116088497259756,39,38346
0.15196400277723499,9,87467
0.0195804399334083,19,441507
0.08697076726421848,24,70277
0.01919981957736927,24,86839
0.034001894639617225,19,600803
0.10146995117392221,21,55386
0.15482358529352036,31,103912
