0.885696108756363,69,18645
0.9194248734131184,22,17885
0.7720135511028742,43,17806
0.261075044092685,27,18155
0.9003544114506741,27,17812
0.9048135752291944,146,19268
0.8928645686442813,26,16885
0.9295971485926064,44,18409
0.8796390128590893,23,18710
0.8889086861787578,35,17229
0.9086218365294398,21,18589
0.9185413830450575,14,17217
0.8860042122061833,57,18779
0.9228812368569836,57,18088
0.9051992366138031,28,16967
0.9118212225253064,38,18005
0.861397611399306,16,16479
0.86929208913001,47,16853
0.8832717053741181,51,18469
0.8949127784923472,14,16853
0.8966128021064259,97,18826
0.8015612297825784,45,17862
0.8946218593461811,35,17020
0.781704248905543,51,17201
0.8022823516279354,71,17045
0.8094204131539002,27,18494
0.8344356399979815,139,21430
0.848088807876261,31,17720
0.7947632572294725,31,17062
0.8946237060073398,19,17365
