0.42409100384771414,20,217579
0.29089880522651257,120,95414
0.4717165034556706,15,361939
0.44565109020252913,63,60198
0.4725778380817156,1651,383422
0.0,11,99607
0.5980814205823153,4527,247432
0.4565822452145082,45,222242
0.5644550710570437,143,199935
0.4420610915412202,34,918965
0.5015091565787472,35,101822
0.3855856934680466,102,101499
0.0,10,613821
0.12622667695424217,35,136161
0.43719521838704534,32,197774
0.36945384066992515,79,204310
0.46307972484839,12,130994
0.0,8,159078
0.364046691979213,110,164446
0.48276054428259974,12,359330
0.0,9,206282
0.1731231712836483,172,248313
0.44671717763388374,17,167985
0.3696540715917076,24,74531
0.4104308195737183,17,95942
0.37368747059081897,79,143066
0.5756977254429356,5,281273
0.4235374561085544,8,624039
0.46958749137035993,168,197900
0.7623255656736364,19,125734
