0.13519934682592383,20,54286
0.8538451323046556,22,372214
0.907253434943111,50,90273
0.8285340889665698,310,131870
0.8633768327932274,183,107357
0.9069111639047733,30,59563
0.8504910192187338,181,49668
0.9093168187417243,81,57775
0.44820682343326257,46,71113
0.9059158435885841,204,90634
0.8897853686018983,120,120564
0.88689829184079,21,33623
0.8344956834435175,60,37429
0.9187858406405711,11,55015
0.8555711393304469,14,117135
0.903781867402635,66,53147
0.9085967307398722,57,40678
0.8740044668775111,605,194047
0.8633242709522535,43,28253
0.8318763119525753,109,34183
0.6692469488560202,53,48266
0.9219117539998245,62,138850
0.8743781579875052,62,36461
0.8052116498443952,114,44157
0.9137782405318049,57,40104
0.930304079830657,44,44494
0.8431659785103052,522,90622
0.900680211738146,71,23348
0.9256735613033671,28,76764
0.8258396901485059,48,32417
