0.4323807384087467,17,175787
0.12329723475527732,26,65492
0.2365260460473192,51,335373
0.5238281341263136,79,67321
0.08419575312661898,34,92074
0.19744970822528274,24,119167
0.19311420171990634,44,75471
0.2892503169757433,93,82344
0.2732382834003013,30,307897
0.22884263151292583,29,366413
0.4190008532340962,7,82624
0.0643112117719723,33,266315
0.19868086692177012,466,111630
0.36440279480291693,50,240054
0.18503388540890842,26,120899
0.2787394219899566,63,78672
0.1179958849487992,42,87720
0.10694032833168954,14,165199
0.2511226588756832,29,187921
0.11594222426738732,47,102526
0.20203248702835264,17,256516
0.13232035019512056,18,65246
0.11031455073449115,38,251759
0.36348348597635816,2580,227470
0.6544097478821694,13,359180
0.3564310734148327,85,109677
0.3907666727427902,25,83223
0.14197595431251742,19,249011
0.1421304856750618,34,99170
0.2048542143465102,37,55698
