0.9812693437647941,48,14532
0.9811099753423299,28,15752
0.9848230197625518,74,17464
0.9854577420064927,22,12752
0.9823974084287979,71,16972
0.9789661011388873,82,16576
0.9670775046564904,53,15419
0.9809275418366777,42,14556
0.9803430961561828,105,18005
0.9361684196919017,71,14337
0.9837531581749286,60,16769
0.9813234764176157,45,15977
0.9608551830317131,103,18695
0.981988973890036,62,14682
0.9856462149270077,23,14146
0.982503727211087,47,14458
0.9842212498491149,59,15378
0.9792130193445371,72,18214
0.9783930770168897,56,15666
0.9848073811517459,52,15683
0.9805704895578042,38,14469
0.9823234078739412,52,15327
0.9649224414391437,90,17633
0.9822194078592169,52,18524
0.9893056862603338,80,21948
0.980893417478869,87,14081
0.9750061096499834,117,17282
0.9868917042885084,73,19545
0.9767069077979341,54,15930
0.9814171234548958,84,18008
