0.24435467580206072,26,18033
0.13297336914045876,58,15725
0.0,10,14690
0.19368152497561153,66,17958
0.0,9,19194
0.0,11,13368
0.07799858260798498,81,20018
0.20859335115938715,71,16292
0.0,9,14099
0.0,9,16698
0.24471753931575502,28,19893
0.0,9,13249
0.0,9,14659
0.0,11,14408
0.23446830281081876,1375,214261
0.0,9,14006
0.16012434728711078,77,16152
0.3632696052936337,57,21512
0.21532025149672562,25,14706
0.0,13,15597
0.06123241852185446,28,15794
0.0,11,17542
0.0,33,15414
0.2683148632900888,110,17530
0.2413128782498608,47,14137
0.0,10,19777
0.0,10,32447
0.0,9,13806
0.0,9,14680
0.0,9,15442
