0.9182290521825753,41,14318
0.8748512288606347,64,20097
0.8696727877166999,137,19418
0.8782230616876703,73,17935
0.8043505362158709,223,21126
0.8745349686001069,135,18706
0.9027356584824155,24,16046
0.9023875956865104,421,51940
0.905670261369033,43,16449
0.9090098676062156,71,27993
0.9006351292587415,74,15177
0.9513042063082057,76,16457
0.8563109743100219,113,18803
0.898594060759868,55,13762
0.8627133071734084,99,20965
0.8885889655578567,40,16215
0.0238772825133462,27,15088
0.9045385455616873,79,17624
0.005227805489339876,35,16365
0.9159828506346516,142,19688
0.9098985917002689,101,20918
0.8832651346417205,67,17374
0.8962711674561136,82,19184
0.8759236321808753,107,16829
0.8718509122657404,67,17257
0.9172369537745826,40,16580
0.9474758702415288,3,14606
0.8449658249745124,40,16492
0.639436186258873,34,16591
0.8962346419056675,91,18928
