0.39927122077178334,15,64437
0.38373739468697166,36,63613
0.40827948556976623,33,78320
0.20146142429416158,35,62167
0.0,17,62823
0.0,19,67546
0.36864835786014505,22,67804
0.4896340799997603,24,75690
0.25530398380687824,44,62850
0.41439333169386317,25,63890
0.37703415110098193,22,64601
0.16365229496067657,32,59674
0.33253782815867017,25,61666
0.25428364049790186,23,59455
0.2183182311749141,33,56602
0.0,15,56219
0.28160865665443413,43,60233
0.24349859844880828,22,73487
0.46955596094136454,22,68409
0.17805520945172904,37,67801
0.2982252718188406,32,59055
0.0,17,53986
0.387183951646097,25,67213
0.4736268676672172,10,59325
0.3021658412077196,46,55624
0.2876534844016727,45,52463
0.4142766418210152,20,50886
0.2466145422823086,21,64630
0.4379504734492432,11,54741
0.4632029683304334,46,57430
