0.7287003662117788,47,17036
0.24303649765790558,29,13384
0.9298326413461351,143,19188
0.6022426138428436,87,25293
0.6599892749463032,124,16387
0.23894839495390297,33,13243
0.05658215522404231,41,13655
0.8820701185356153,62,15953
0.9710513307915407,36,13571
0.9199759335544907,12,13013
0.8281086821180046,40,13836
0.052589957609078586,69,13004
0.9011325452690312,21,12844
0.9432276798513767,42,17124
0.4346237580965113,110,17617
0.43837823548485344,31,12606
0.9321930299282367,72,16347
0.9584502666575802,28,12452
0.9337349198140645,19,13418
0.9530247301238408,84,16741
0.9501866308934025,72,14748
0.8446074851552436,99,15278
0.910166885143287,15,12372
0.6983220920013242,45,14419
0.8397617712533966,18,13048
0.7686207099545408,78,15978
0.7111440571882761,34,12367
0.740502237447589,26,16877
0.9397672984291494,65,14029
0.9609027181562972,167,19244
