0.14325355755811853,50,17983
0.9602485459387745,85,21917
0.6757784795271162,31,15792
0.7785942108681362,35,16398
0.9227337773301731,224,39967
0.7589314625211316,27,14009
0.8135038029987895,28,13838
0.8031023023545352,27,13947
0.7799469192106968,32,14102
0.7855502974239255,65,15089
0.883624889751207,74,21184
0.7641045439649405,31,16040
0.24558489500570435,54,17656
0.3289975033315773,74,17179
0.9381351863861216,54,15377
0.9700828194156991,10,13576
0.47728178198062154,36,14761
0.9486853702509099,50,15809
0.8471386206077895,23,16023
0.9688336892901878,38,14177
0.825549328171093,98,19476
0.960590535691074,10,15062
0.8426764989843325,76,17142
0.28023186101128805,29,18622
0.049092668162561415,21,13578
0.8929960792870488,41,13625
0.846297134117719,40,15162
0.968745565572811,44,15820
0.2981201366165308,65,17335
0.940035714622191,24,18977
