0.014695000816000836,27,1531895
0.02413168095854279,27,1605236
0.8098140452412801,32,1698258
0.0034845605934598067,25,1585634
0.939153422395023,34,1588268
0.9688848062757516,18,1614600
0.0,35,1739053
0.9657579934856614,33,1594570
0.9378277993964989,18,1585220
0.842147309123173,16,1590579
0.9334950505775632,31,1587314
0.9319021667242058,26,1620469
0.056087985736457235,23,1617039
0.4925575616285969,37,1656585
0.8364812222541542,30,1611350
0.5578799916494241,14,1603085
0.0,20,1475899
0.6433673607940787,45,1526320
0.9338392882567392,24,1481303
0.6497335628994532,23,1510997
0.012551817656340836,24,1532416
