0.018013899543936618,22,10797
0.029125859906636853,26,15977
0.012436342211071594,24,10750
0.04946157649292282,25,12290
0.3420742878283306,37,12551
0.04300324485792195,43,31402
0.027369418669524803,21,11715
0.05252489522659787,46,13453
0.026210021778906967,35,16485
0.09997582223260393,51,11888
0.13323165347548316,26,10596
0.023103290977230295,42,10693
0.02363412853330482,26,11226
0.013142865358868439,22,9851
0.01617229055467373,22,11482
0.016086850669022268,23,11583
0.02126384869133957,32,11168
0.10446110808122455,55,14277
0.013058074966402433,49,12706
0.012899847024283817,39,12475
0.0317597632218356,39,12130
0.01383408874040859,22,10505
0.05359731443378868,29,11309
0.05733086296476064,40,11200
0.016363991186815863,20,11339
0.025386950982530077,11,21245
0.01722626884891898,55,16499
0.061585313523722984,24,10525
0.06123722760322825,56,14421
0.016629299713328938,18,10787
