0.6825762400912214,188,24881
0.49066703745507423,38,13209
0.7013861820389695,18,11773
0.3305708416263313,50,12744
0.4780139345324689,55,13307
0.696979602308997,44,12288
0.22341898660898618,32,10452
0.3236147316170159,28,12182
0.591383869323058,47,11172
0.642427846508568,18,10004
0.47355414351417313,52,12778
0.6925320892058819,183,22058
0.38412899551829327,42,11485
0.6944595642361742,109,16949
0.3382885030576033,25,10771
0.5402992565005825,115,15700
0.4633233770746087,59,13439
0.5205024683478484,63,12881
0.702953037061196,39,15089
0.24503108340835122,47,11891
0.34285774232115107,28,10744
0.5090913989991651,34,11573
0.7199981474069768,26,11149
0.4268908250118114,71,14292
0.2591456189117668,85,21990
0.5307858997980789,2448,478318
0.6442277096397626,49,11903
0.6254766162787526,144,19949
0.609952902825198,208,22841
0.7083168637103995,32,16636
