0.250275321171224,31,34848
0.08168495945164345,35,49237
0.19108055349479836,26,124569
0.06086715185877112,20,152145
0.1394846006467203,38,34112
0.10600682494001845,18,74375
0.13588363725236274,35,33417
0.0909069354842682,38,186408
0.13334739438127607,33,68441
0.28187443075065566,34,68636
0.1447072355750808,42,83360
0.12339312499092137,42,81222
0.16729333538046132,13,197654
0.2141640778124273,18,36725
0.05181581441472749,72,65339
0.1214694535810179,17,73576
0.22404320694663982,36,73360
0.08630732223915527,15,35882
0.09526772239265147,24,79072
0.36052946894103644,14,72877
0.20697826165860633,22,62520
0.2556886966907894,22,41279
0.19557924024756046,27,48366
0.1594119771955983,16,81062
0.18788111070837343,1085,107368
0.15218989481589962,23,121934
0.08423499338136708,20,45823
0.2885476103587482,16,90509
0.04346512195917063,30,34741
0.07056978864753305,20,50880
