0.36660985392969003,32,13486
0.36598149608977826,26,15971
0.34859089291493073,167,24217
0.383595581302809,243,13325
0.3605507732325214,557,60969
0.3591185962289858,27,13546
0.3961680191333903,25,15470
0.3412180915763068,75,16421
0.303396837250522,193,24650
0.3174180819118769,55,13247
0.27535856190126307,22,13434
0.374383090714964,56,13855
0.44727207098876387,10,13928
0.3584121479749186,51,13819
0.3325981750260746,28,18886
0.17319386867357323,158,20357
0.22268041006872785,69,16090
0.17791186249897517,111,16752
0.15658900410488885,410,47527
0.3188681003958771,64,18405
0.34262004721333694,169,33983
0.34760317360289283,61,14992
0.1847667696842571,42,14116
0.3630388583460413,252,37016
0.21727512481371358,40,14432
0.3677693354495001,33,15687
0.3381369762073043,227,46416
0.3780536750018735,2831,951052
0.3769231864282683,33,12275
0.36135622295680236,30,13584
