0.985516918857886,95,24581
0.9947075572112168,90,26990
0.9860006154363935,52,23944
0.9887518035527916,50,23725
0.9897563804417409,34,21328
0.9953063999232364,21,23571
0.9931623991896534,102,34301
0.9833247013520077,289,49540
0.994226469975373,32,24620
0.9967140558327358,66,24834
0.9878044826565918,109,32618
0.9928019114911556,67,26961
0.9847215192903016,75,25805
0.9880509794716603,36,20922
0.9953816279074196,162,26135
0.9790412591739586,53,23745
0.9910813431047628,22,23748
0.989689534408952,46,26143
0.9981555670127873,87,24416
0.9964815820409592,112,34052
0.9888148091131629,87,24261
0.9947320891021049,80,27838
0.9950753280658327,155,40248
0.9968233622086794,326,72031
0.9827367516492459,74,28605
0.995388644790346,105,26938
0.9908696419875554,100,21190
0.9877372355102599,60,29976
0.9862073856050497,47,24121
0.9925805113671305,38,23519
