0.4117264937565185,65,16154
0.0,7,15798
0.07819515910601704,48,15783
0.0,7,12782
0.0,7,13429
1.4368651105156616E-5,56,18280
0.33583133721524294,53,16655
0.0,7,13301
0.0,7,27989
0.0,7,14673
0.5299566293616127,30,14406
0.0,7,16117
0.02468862828273377,63,14404
0.11858509128234263,26,16466
0.020231478107933687,24,13172
0.5736022152611391,30,14387
0.0,7,13841
0.0,7,15281
0.0,7,13778
0.5505371170453401,27,12874
0.0,7,15077
0.12348625068260333,23,12582
0.2993928796664833,52,12694
0.4468259867340323,38,16063
0.12076468610122104,42,13478
0.10084433911817414,55,16463
0.27684885774468415,16,11319
0.5874963328074555,52,15595
0.5501907264364123,35,13698
0.0,7,12216
