0.4390429438021637,27,14635
0.36627955249118094,27,13498
0.3648488353933983,28,14694
0.37761127055140287,29,13183
0.41512261850196486,36,16296
0.35374358222414426,41,15091
0.34297067832291783,39,16569
0.36958788460538394,63,16293
0.35397384634710083,47,23184
0.3762879289803971,17,12454
0.36368685211198915,86,21291
0.4018205788498862,21,23990
0.3541464293179969,138,19697
0.3893086829045441,22,14002
0.19348335303233977,35,18594
0.3513007317156299,16,14134
0.389977132354988,35,14192
0.40097854609637695,69,18281
0.37560700997241947,34,13439
0.12985725739313247,146,19373
0.36139777428140196,23,13645
0.3583715412889976,90,15342
0.35367012738120107,28,16959
0.31330726300027434,41,14197
0.3692653357107978,33,17620
0.35548390861487245,272,46581
0.3962956516509687,67,13114
0.3611564710231089,45,15114
0.32156768286619375,42,16607
0.38559975801537993,27,14492
