0.5505068230378145,77,136699
0.6213172409042722,39,183240
0.0,7,607649
0.1318431651312728,7,304906
0.39260754384448016,109,429823
0.0,7,80960
0.0,7,90986
0.0,7,194257
0.6873500047266852,24,343568
0.0,7,125531
0.6642260099048581,132,229525
0.606486389936588,28,182469
0.1318431651312728,7,83778
0.35026615066330025,37,84007
0.0,7,246221
0.1318431651312728,7,767393
0.0,7,244759
0.6196243259477014,41,244614
0.39919153925214024,936,215705
0.5826664346991395,13,245507
0.1318431651312728,7,153935
0.0,11,291031
0.1318431651312728,7,179058
0.4370563527438426,37,257800
0.6172798477205841,20,87310
0.1318431651312728,7,159169
0.5155888907335666,9,253480
0.038287140152894805,102,87725
0.0,7,205340
0.1318431651312728,7,155614
