0.994641598190525,61,14685
0.9736520975710301,26,11755
0.9897727069314869,72,18035
0.9960099327687478,141,13757
0.9877655145622419,28,12839
0.9939326349043174,49,12092
0.9869797673026492,59,12130
0.9923564466851248,76,13807
0.9743710707403331,72,13463
0.9828506540498517,45,12570
0.9968055693614405,112,14785
0.9870090931497804,85,13155
0.9927538712352857,42,10724
0.979780978496104,64,13252
0.9871779766372585,130,15032
0.9766517461082668,53,12099
0.991378816045718,89,16493
0.9953460522400579,73,12318
0.990498468264188,53,11886
0.9842481809957373,74,12647
0.9809001586791598,44,14213
0.9961596742663873,71,14988
0.9953695826218312,232,13847
0.988014120071205,22,16511
0.977642911452574,51,13114
0.9899034268859951,85,13406
0.9763724051539051,57,12250
0.9885088969311845,30,11684
0.9870144627309996,70,14005
0.9877832662289447,88,13242
