0.27385236152919523,77,379819
0.41748144494214245,10,352571
0.21027848206430755,38,446382
0.37730402220273573,35,504064
0.2654092537502889,16,426212
0.37691037362790236,28,497184
0.37448028868870065,34,432653
0.34271940073139795,32,378917
0.3109577751415764,63,337328
0.41875477892021806,33,627187
0.3369063122380198,29,331225
0.31895823199866435,71,458329
0.3916779033906014,42,533473
0.4174872151258363,23,402420
0.18597028037630658,25,469860
0.39380682204189243,29,407013
0.3000652856728153,35,421094
0.11463202655367022,43,349342
0.4331707860462173,21,527416
0.1385321185469841,32,302056
0.2533556948319774,101,379117
0.3695252318184563,20,425386
0.317748465162798,30,325404
0.3846083247247909,11,479770
0.3940053185448964,23,376484
0.34721318519857813,33,398637
0.39923595316763494,16,438551
0.26456632600993335,39,546281
0.2580411789412296,26,388388
0.3469462227275685,27,513117

