0.3649059501842088,42,19014
0.35141065827052487,32,18875
0.38548011655900805,33,19151
0.3590691791980888,22,19505
0.4033640136286497,17,19481
0.2902147673048573,34,20538
0.41748144494214245,10,20493
0.3918109941838632,43,19494
0.36285254946180223,23,19969
0.4402045142618066,23,19275
0.40506433854688306,37,19848
0.38742983003864717,23,20132
0.258516628507246,35,18493
0.40672568424158995,38,19723
0.4474415050450633,68,20626
0.3846083247247909,11,19914
0.2268795916480394,33,18540
0.4062457138640728,28,19314
0.2983953594929295,29,18511
0.20218346638853346,65,20613
0.39819693330365014,35,20405
0.37351900661218707,35,20007
0.40525053790628085,29,19738
0.3444126976360117,29,18812
0.35075886537475365,32,20501
0.39960978178449913,75,22124
0.3833463207147887,32,20123
0.2597428530805296,43,20346
0.3829005795478825,32,19846
0.2791308395559985,92,20508
