0.4070243265702863,23,13307
0.3578935647996391,97,44507
0.32210582475039895,33,14145
0.391182998957754,48,15099
0.38563226795212924,24,14815
0.4676360471311426,11,15693
0.3629079846755727,38,13150
0.4120139558036624,35,14536
0.3206338484578416,67,20306
0.3897657709416049,27,104227
0.42161833208664656,62,38632
0.36797420519095025,95,20974
0.4676360471311426,9,15355
0.37631037184735383,30,14474
0.4090719781861861,62,15233
0.3837936014461403,40,16466
0.3716563047046897,24,13760
0.37048893253206805,24,13834
0.39487846281841843,29,14503
0.3593822994353648,160,24278
0.3620064773725653,29,14045
0.3646526432141819,35,14094
0.38918401778637113,147,13778
0.4352222343209131,44,15422
0.39755379221338105,66,13931
0.4676360471311426,9,12352
0.4045935288739576,43,13213
0.3582653987920348,24,15184
0.41377170469279834,133,45794
0.4676360471311426,9,13990
