0.0,11,39771
0.3945733031300699,24,69733
0.15552336680457857,9,55934
0.0,8,44307
0.1390208660499388,13,48039
0.26223929980966265,50,56442
0.0,11,33891
0.0,8,45807
0.08801117837592953,18,52696
0.0,11,38829
0.0,11,40162
0.3896781756365034,28,60869
0.0,8,45591
0.0,10,38607
0.0,8,42714
0.4073582464877966,46,55643
0.023565894723535985,22,38936
0.1390208660499388,13,44467
0.19660136533095895,14,53293
0.16842951500620496,39,63195
0.0,8,37745
0.0,10,35655
0.3958403387106225,34,54174
0.0,13,34920
0.38519258078456065,14,51686
0.0,8,34959
0.0,8,34220
0.0,8,38263
0.0,8,31094
0.0,11,28327
