0.18362433572726944,22,10844
0.3316948333544504,29,10087
0.15388463624768223,42,10584
0.3473267642692768,36,10959
0.37325791334720637,31,13028
0.28849612895348065,84,14397
0.34154757259478763,24,11397
0.17334437623400578,21,10882
0.38229982126085915,27,10359
0.2845315482207179,26,10807
0.32130173725712774,122,16426
0.35563559035351566,28,9948
0.3628723087509471,36,12238
0.360560508532044,18,102393
0.36001434252627473,38,11229
0.12939710427611162,30,20426
0.34837798084084504,30,11723
0.3680303631891775,73,12726
0.3334073013842719,57,11858
0.31296427482692546,31,16324
0.0773349566333369,74,12188
0.3312934828037335,43,11288
0.1413634708649696,66,12570
0.3610029913817019,48,11480
0.3391963462292875,34,11365
0.21979604610248737,98,14378
0.357463016710172,29,41112
0.3303503260649975,67,12037
0.37756736704348015,45,11891
0.3714118630898361,36,11278
