0.6110504354414557,31,48043
0.8711136938431633,48,112087
0.9296218598862299,102,86176
0.07323982706770227,29,79617
0.8981127738485224,13,73443
0.910416814410537,28,104827
0.8946417670311431,68,49565
0.9271807946854198,48,77570
0.8928122257874207,90,81841
0.9110441670647554,24,89719
0.8687374372341307,69,96387
0.9335465299445954,29,116656
0.9155265758396766,41,70939
0.8984009260194117,63,94051
0.9042548796124693,33,123298
0.8699585393617876,13,80122
0.9158254819338113,57,78605
0.9416156925461133,32,114173
0.8114716396980101,44,64149
0.8555711393304469,21,76262
0.8983829208385055,119,65836
0.9459602909961855,55,84833
0.8668695602265695,41,78449
0.937505371770341,39,96223
0.8925285629478791,53,57537
0.027807786724651007,29,54438
0.9222679693243316,68,69962
0.8782690107749667,146,77021
0.9144386854374655,51,106931
0.875232541872339,45,66770
