0.7088652773343761,37,11159
0.8553585113339397,27,11154
0.8984223032135678,45,16708
0.8967023491263627,307,101583
0.7264443971498287,77,15531
0.7644524278569,34,13285
0.5976983427172922,25,12111
0.84293807207428,115,30111
0.7045936478307886,19,11937
0.8592367006630874,43,12970
0.8554567990596107,35,13555
0.796361307757275,48,12197
0.784189706115034,186,19870
0.8820107852867294,98,17179
0.8601362519654729,62,13176
0.898245306924105,61,20671
0.8800006981981372,133,14592
0.7354880788847898,28,25185
0.6238561066568477,25,15358
0.6924302309770076,30,12061
0.8021226098998182,75,14646
0.7286260768028472,32,12375
0.7046209408952281,41,13834
0.886270545496823,31,12738
0.8810641813171973,16,12686
0.7489125592777628,33,11928
0.6037656396491915,59,13778
0.7505940010802454,14,14440
0.8950631671566895,9,21472
0.728618708534903,96,34403
