0.6609006680172678,30,13639
0.3500335324724113,89,18287
0.66187123511391,131,19715
0.41464933799961945,39,15461
0.6789731817715481,35,21818
0.686436097157878,89,27702
0.39136892583240257,109,21909
0.3718097250019775,70,13749
0.32988405899243434,46,14378
0.3579457365666169,33,12407
0.400181519249572,41,28995
0.30921019894627133,40,13455
0.6887696546426578,35,14771
0.6745041811195892,99,19638
0.4051942518285747,68,17336
0.26610262221927805,86,17138
0.5152306592338853,38,13984
0.692173223537087,41,14955
0.680117656042462,76,16921
0.6881437376743031,98,21775
0.6897013106301556,91,28367
0.46141096355311484,70,15105
0.6137062443001952,114,22324
0.3523073764010879,43,14460
0.35920610970879163,46,13784
0.6963345473326328,61,14543
0.3793548740933447,54,16575
0.5410798791414881,63,19759
0.33596853930274984,44,15853
0.3304290330845908,46,13935
