0.9801366441403478,32,26890
0.9940667671118294,98,39926
0.9910211393235754,77,35068
0.9908356125070689,56,28482
0.9941206244206588,47,27608
0.9942875019364128,221,57824
0.9634215290314616,58,24294
0.99306948808723,168,41902
0.9891199382607052,45,25888
0.9863373255147978,139,33561
0.993019293609594,109,29896
0.9860612654462024,40,30627
0.9778369293405332,76,33082
0.9933142669814625,66,31903
0.9838044503063397,101,29863
0.9946819871929545,80,27103
0.9944005202514201,36,26748
0.9783304064067544,51,26639
0.994597213351206,50,28326
0.9870623219150052,45,28129
0.9946998447630586,44,28290
0.996260662047737,198,39584
0.9979582248284663,70,46395
0.9934526761445481,55,25828
0.990917524645488,99,49871
0.9921361291059132,42,25796
0.9929984080105262,61,30685
0.9887647085232746,121,38217
0.9895784479049633,45,24906
0.9903201897395392,128,32920
