0.9039479013304198,24,8654
0.9417374450414745,60,11406
0.8661315009835096,60,11518
0.8130448204859784,103,11879
0.8848700131538133,41,10878
0.9304806549115755,29,7881
0.8570731036477122,34,8635
0.8887940166266659,47,9594
0.9409637993049252,40,9859
0.8507651498450712,40,9426
0.8856611855787738,31,9100
0.8821133820730332,47,9155
0.8373600646213328,104,11097
0.9050117662514705,38,7837
0.8912646208974304,52,10399
0.9177793633610201,38,9388
0.7256235003678949,95,13984
0.7129140931938827,101,9715
0.8885217039572078,61,10782
0.8538384607657439,49,12261
0.9050486215129901,81,11928
0.8373192346723193,35,9101
0.9107534307689634,41,9151
0.8852147611688632,75,12891
0.8659976835577403,110,11719
0.8765909274623083,111,11581
0.9120313791950103,29,9615
0.916804635841129,29,9006
0.915881214691214,62,10783
0.861393667758184,58,10215
