0.4524740737796257,25,20482
0.703559846885844,57,22857
0.62821243705331,247,27533
0.4704806937975289,50,21138
0.7293486945323582,28,19415
0.6951086428772343,80,21588
0.4820420244921043,47,21572
0.4888112868253155,36,20590
0.35056702489008207,43,21576
0.49277283849896203,308,32399
0.5472455158099726,45,19391
0.2477244211612305,40,21112
0.3222388846580183,43,20387
0.39115066238465,35,20468
0.31566014620432314,28,19296
0.5551128274910444,24,19944
0.6867258129112415,97,22295
0.5544127286717255,32,21005
0.7455220680034474,74,23424
0.5343364613990901,12,23160
0.6437570160338093,126,23201
0.461031194821082,28,20697
0.25046508645499677,29,21259
0.39105887241932824,48,20697
0.6513080492877812,60,20879
0.4526883826446335,37,19974
0.6856577140889015,44,21477
0.5751815884552488,72,20971
0.7285303470948168,66,22183
0.43443355176871734,12,19125
