0.36135294592412615,27,84707
0.11227287982461498,23,73218
0.6028709362391945,165,128229
0.4075944116475815,34,91139
0.0,35,149963
0.38370318606439924,77,155495
0.44466344430937965,63,110283
0.4319772309898253,26,80642
0.3647960087647204,199,299501
0.5835007766384017,23,63216
0.2313190733405559,78,65573
0.5749878881713542,12,71882
0.2745269538358752,19,148631
0.5740305414960019,50,108209
0.4874099159905285,1795,461882
0.5304551865386247,21,111125
0.4423413790982369,55,57937
0.6006612704917677,16,99572
0.49620817571525466,29,201417
0.7680413053461665,16,122177
0.5712371001767297,45,220961
0.5278245621235125,15,134344
0.5129125495424285,43,408238
0.442643459109327,67,349632
0.29395931781989304,73,186392
0.44135694362966416,143,239200
0.505385242733874,54,101144
0.5926332122947222,33,65307
0.42731058430191426,45,186121
0.2870144708989921,41,63545
