0.3343526649475086,66,10963
0.3575533784862902,34,8493
0.3519566749720028,52,12751
0.3860625941090451,16,7844
0.35452685533941186,40,9725
0.2855900710282142,21,8253
0.40077494642572153,14,7768
0.3785277086969726,105,38190
0.4041095044288533,24,8832
0.35620145617861476,33,7787
0.36139777428140196,27,6531
0.3831518870695736,14,6862
0.39087752332829373,20,7945
0.17595981919371761,21,8367
0.3400782400094936,49,10943
0.3449250248236859,67,11484
0.4074918322932093,28,8314
0.16728437540339114,43,8160
0.32428380824025504,67,13264
0.3612137953861638,98,13989
0.3884744374462379,25,8214
0.3781619105919922,25,8800
0.2963659350006491,35,8688
0.3160916683663346,75,10032
0.38230310764226283,31,10441
0.35421755691641665,32,9206
0.28110797879103866,46,10374
0.3831518870695736,14,8051
0.3663265970110958,52,11287
0.37994349679654804,15,7732
