0.02220879633979911,33,53340
0.08023862970915463,33,63498
0.07757149472681868,60,37003
0.03751252722621101,31,27451
0.3262783789597835,47,48913
0.08767986681883377,62,33801
0.16960803435614014,229,62355
0.05179330827925921,149,48998
0.16553833464191137,2397,315867
0.1849480120796344,17,110088
0.06614130411694386,32,94047
0.23469838507931673,314,76606
0.2816496579167421,16,102954
0.07999899615888817,45,29361
0.14105478556563045,39,75890
0.09551810993231347,18,93511
0.16543156478540422,61,34244
0.12973593380642412,75,172698
0.10310002887372138,140,62194
0.24506621585027266,61,38224
0.024777020826408647,34,34851
0.0841550350711121,72,55169
0.18265359919721313,83,50510
0.04472141162370635,32,53697
0.06885142727740834,33,36668
0.10750615025629262,36,63182
0.3270830957976427,37,33963
0.0422490888690098,53,135246
0.06683746065658147,88,86003
0.16222624518619455,53,50273
