0.15691879171115508,28,17772
0.08727665088516123,21,19296
0.08823938057890779,29,18781
0.02553134564845949,37,20069
0.10049932504739634,18,18174
0.3255599508728534,22,17877
0.21042810303608406,24,18965
0.07459924352648029,30,19136
0.10880384891585204,39,20117
0.1267195840375196,25,18520
0.05414152347533041,29,19540
0.1214694086215028,33,19213
0.13362025486328732,18,18817
0.05473175175629397,13,19215
0.11256867417688221,21,18641
0.1412121742189596,21,19313
0.10892964418872408,120,21060
0.2799047767709453,77,21717
0.05473175175629397,13,17154
0.05858791786435946,19,18892
0.022974971054945503,28,18972
0.26097740504954714,24,18033
0.036830058783834385,45,20426
0.07804921432786682,25,20547
0.2643347463384197,22,19757
0.08206060068152843,20,18445
0.10401351630783584,67,26250
0.08609070817860653,30,19673
0.07935371646892908,63,21136
0.08309094100608339,26,18232
