0.012319210667198321,26,20287
0.021512207638544112,15,14069
0.01748489908986628,29,22186
0.1562570292765746,16,12876
0.1800067902947623,15,14810
0.029743586807193134,50,15453
0.01840236376119242,24,14372
0.22597848315470515,34,14273
0.03300429672721927,93,16952
0.012040110505575075,21,13533
0.06285963616787893,35,15173
0.0747254705603898,39,15985
0.039999828413403216,28,14684
0.011157015259791958,26,15008
0.025386950982530077,12,24607
0.008590602719564133,24,15685
0.01542494847253506,39,19095
0.10272905392806053,30,16599
0.023507801372553483,16,13939
0.1786248682653101,31,14790
0.016363991186815863,19,14243
0.06481357971570978,325,162963
0.08549946536036179,77,16456
0.025386950982530077,11,17084
0.01936912064485896,51,28148
0.014540983692549414,29,15083
0.10706722849134997,15,13322
0.027900267559170078,14,29775
0.2506067404483977,48,14591
0.05705318036652951,26,14278
