0.9149436722455571,46,17921
0.8806751830763545,38,15302
0.915795571319033,54,17829
0.8177084781582842,96,21864
0.8877420169854093,58,16692
0.9504221668949034,201,34510
0.915139415522662,62,18420
0.8743988522970819,327,33675
0.0020269232232613676,26,15683
0.9249181309941394,34,32131
0.900646258510362,89,20523
0.9135718271111858,72,15254
0.9474758702415288,3,16349
0.9285222423570776,90,20969
0.8538924700020885,43,18013
0.8401930733805802,59,19547
0.896193518794862,67,18539
0.9066198929436611,90,17514
0.9087478351994273,36,26495
0.8887027360298352,62,17918
0.8728833846316555,52,19300
0.9201550771914964,42,18600
0.9149162999912521,84,21203
0.9180597425564105,46,15664
0.9055791258817628,55,17177
0.8505110616114492,23,17104
0.9331460737682632,24,13451
0.8711598318647756,101,20410
0.8554541361489538,157,23308
0.8447964663996562,149,27365
