0.323616065739326,27,88847
0.0,9,674365
0.22925968939105246,66,212056
0.0,9,66828
0.0,11,258693
0.21101178288342037,124,97021
0.0,9,313141
0.23847160437960346,48,180040
0.0,9,67758
0.36576979962175316,14,76239
0.09411286298928223,21,356182
0.0,9,152606
0.41140543518300676,32,67990
0.0,9,66077
0.12615493938799716,52,49183
0.4529346611395447,67,127020
0.3085732523375029,20,287504
0.03839981127334913,25,71185
0.27272442230439975,12,75755
0.17428999999383066,34,55620
0.0,9,506861
0.1453281413806673,65,353885
0.3242331985282808,42,160353
0.3869544870225107,28,227157
0.0,9,129878
0.15044557144167736,20,368506
0.57086579728742,73,80620
0.2868938247404583,13,58719
0.22014011597723537,36,129049
0.2503731006262355,170,363934
