0.3329803382590202,34,35645
0.8235969105782059,14,55406
0.96496733553084,105,66084
0.9379683782612359,94,56719
0.14337239194033824,46,36634
0.9439415923060281,198,57579
0.774374067998548,46,61019
1.3322676295501878E-15,29,21080
0.8233433912868215,19,85182
0.6023763932745159,48,199466
0.7172847726725587,38,44717
0.8726522559713862,14,60102
0.31667344994994184,78,48360
0.9656744166755941,11,50647
0.901700203153094,73,44619
0.170802699093335,32,63280
0.8815684585935306,57,25122
0.9340852341218265,39,28716
0.8304882852503082,12,90938
0.964135843285657,298,131700
0.96922996724465,10,63434
0.13601140515523313,45,40557
0.5624353029984723,21,74013
0.9040744298917006,50,136987
0.8498894654633775,18,57291
0.9536614039875492,24,37753
0.9551818322330393,19,73002
0.45634025894353636,24,32894
0.8364178892302597,31,52268
0.7009892239860174,154,89671
