0.9696826884696899,165,16912
0.9784729396648241,32,13595
0.9666838011496615,117,16303
0.9755990802065111,39,13780
0.978176885833089,34,13692
0.9818327295745825,33,13000
0.9876222499184384,74,12716
0.982885696637351,17,12666
0.9875013184787594,21,11539
0.98921096092349,21,12392
0.9797201189846145,46,12005
0.9869571187739011,35,12363
0.9643930891587216,92,15208
0.9769575254835838,35,21372
0.9811172439421062,48,13279
0.9680191550627069,144,17119
0.9800010036726304,47,12706
0.9703368495874005,41,12301
0.973428560264725,70,12476
0.9506596581497291,33,11937
0.9852489827821748,24,12735
0.986505824299832,94,18452
0.9830862359585807,20,13465
0.9828128381942145,77,15433
0.9809489610827332,34,11493
0.9700662985902331,48,15562
0.8874861242474954,68,12683
0.9859247883717964,20,12170
0.9791670187359474,26,11384
0.9488764280684618,22,18078
