0.1427535212211002,109,181522
0.048443665687688764,19,104971
0.14274762625642712,24,65855
0.20361389028623078,8,113537
0.061503036609272255,3367,519847
0.053140433181313895,62,266089
0.1514250820552926,20,538628
0.2737953841237041,20,557055
0.24562559113079407,8,143516
0.013555662953080527,42,121604
0.15433029096017992,33,121379
0.07979106179642825,34,71804
0.012422822084075857,41,71224
0.28697424945816885,9,185729
0.2225903838130171,77,47662
0.24191504410121867,109,168878
0.40783866243322353,8,66112
0.0,13,121794
0.12941237312351717,36,134099
0.33957890737636287,32,374616
0.2828955904078867,10,78391
0.014104699517706654,201,167220
0.3718178279849368,100,109516
0.023507801372553483,19,332631
0.11926890974418591,156,100142
0.038903392193035846,51,364945
0.07481245615592191,49,187212
0.025194880375056128,21,52595
0.16788897298465943,16,357669
0.35484141570914174,20,471273
