0.5946540201685987,37,130906
0.9669785393244335,652,182209
0.9720518796629273,15,106934
0.9726317672430668,104,136210
0.9693176519354858,45,134008
0.9614132378995611,33,54673
0.623791858331568,206,235185
0.7012986785724091,65,65581
0.7604938088771185,226,392869
0.967936064631413,813,113774
0.594654020168598,21,260968
0.949317117262535,428,106782
0.8368411631081341,129,126838
0.8981033090214801,30,73303
0.9621232683907177,22,88848
0.9361492527067268,15,76896
0.8501090870951544,19,374730
0.7684886139924438,152,159196
0.7097327467617628,57,64384
0.9629565187598573,9,91261
0.9359729766034169,14,95780
0.8732007734058522,77,114638
0.9462511526414527,144,264498
0.95703062421837,7,358661
0.968522594054875,44,158894
0.9698005563205213,20,157785
0.9642012184182954,47,245358
0.9095705224776083,221,156240
0.951257846038866,26,67540
0.9234010814362251,232,426638
