0.17822251200172345,40,13291
0.2472524536752695,88,15937
1.5543122344752192E-15,19,11684
0.27069102444953874,47,16715
0.18775432416595916,62,15954
0.3037976052411083,32,12698
0.04232796163136099,34,12897
0.37664205346008794,15,12869
0.22957870225842125,36,21634
0.24418416386986885,53,14835
0.2316558733059665,33,16171
0.42797029114383334,58,13687
1.5543122344752192E-15,21,16312
1.5543122344752192E-15,21,12848
0.22246776713180783,66,16222
0.20878080896617168,27,12211
0.3863748093474052,21,12964
0.2738994176497527,42,14207
0.26631625271486936,42,14631
0.24861939817360912,32,13793
0.3161574264566164,27,13922
0.27592798955713294,60,17892
0.23795943955295118,119,16002
0.2794155252051148,17,13072
0.29241344536756253,22,14519
1.5543122344752192E-15,19,12830
0.22721567080871008,39,13861
0.3811520857914851,29,14302
0.24557706567002213,25,12463
0.3067053757079271,33,12651
