0.07768283352062177,28,48250
0.011875635225462866,18,48142
0.4730942175129379,13,50064
0.0,7,55355
0.025698371960046096,30,47406
0.0,7,38673
0.0,7,41232
0.0,7,42999
0.1318431651312728,7,46163
0.5403102887879887,33,61187
0.1318431651312728,7,54704
0.0,7,40441
0.07294086831924496,21,53582
0.1318431651312728,12,39925
0.0,7,51036
0.0,7,44121
0.0,7,43834
0.04218876058072929,22,41099
0.12652867943975699,25,43791
0.5752856417179522,36,55690
0.0,7,34903
0.1318431651312728,7,47205
0.1491181625215685,22,42492
0.34896871640294,30,48304
0.0,7,43536
0.0,7,44124
0.0,7,37500
0.1318431651312728,7,36409
0.0,7,44557
0.0,7,39287
