0.9944776200008856,99,264522
0.9862047030847632,39,190320
0.9971665547873458,214,426035
0.988801365033801,98,217249
0.9885590629990355,23,247864
0.9899102099381238,147,212273
0.9957088090701505,188,161994
0.9944572276683039,27,282666
0.9937950613532642,334,239444
0.9980240352974831,56,522573
0.9746188639332652,32,217271
0.9973541593492685,266,399260
0.9932376335156771,17,215711
0.9965480749253258,38,230184
0.9957695638257918,34,139870
0.9952852220975814,72,292661
0.9910381373136274,44,288137
0.9909470689715584,67,264343
0.98808010908182,148,264699
0.9945172208363289,56,834412
0.9873561967650941,30,295140
0.9930683414721821,41,530545
0.990611280857941,52,110577
0.9888579884729454,150,375548
0.9889806852063356,33,416417
0.9877858541787718,62,204347
0.9817243558913016,46,335694
0.9878128370031571,122,243409
0.9897523585890375,63,315205
0.9966297232096496,82,254943
