0.7872351209990498,42,14126
0.9531246762852403,103,17622
0.9437593923704266,104,14875
0.9031926416718108,56,14544
0.7787582478018658,62,18967
0.9474641506010094,59,15712
0.8730816592463642,53,14701
0.934589456507668,64,14398
0.7406648163110846,62,14338
0.9471283354898449,30,11760
0.962746364981343,72,13361
0.9384081613224275,36,13664
0.8062764770593288,56,12671
0.8048387571880049,55,14271
0.8117874682391564,61,15386
0.938542076464314,83,16864
0.8493215443172177,69,16212
0.9364667609700037,203,18626
0.9317771457122968,66,18990
0.8211082312349349,81,15871
0.8337847069994154,66,14422
0.948085251709127,48,31593
0.9609931257175304,45,13958
0.8019727207220829,61,14982
0.9471085758175264,121,17006
0.8059043776089465,68,16040
0.9174587538239605,41,16732
0.9588212077482787,106,15560
0.9425903512789645,106,18732
0.9447230892942323,45,15555
