0.0,7,8249
0.0,7,10307
0.0,7,9536
0.008040627829797753,36,10021
0.593398732968891,25,7790
0.3437796481015254,93,10661
0.49096418195571345,43,9124
0.0,7,8190
0.6092634301527565,88,9383
0.1343425352643447,29,8350
0.0,7,8673
0.0,46,8912
0.0,7,7910
0.4888952690711942,64,10396
0.0,7,8373
0.0,7,8235
0.1318431651312727,9,9595
0.0,8,7911
0.0,7,8771
0.1318431651312727,10,9179
0.007796711680368551,42,9835
0.0,7,8269
0.0,7,8046
0.40837502443882123,50,10448
0.0,7,8722
0.3550493687930728,75,10884
0.649983633869373,33,8686
0.4060539363754504,30,8216
0.46150511149914153,14,7488
0.0,7,8948
