0.39462136229539635,19,1523246
0.3354045965815535,59,1600193
0.35173859995218903,42,1518668
0.37223970033147036,30,1569898
0.21179675714787227,55,1611094
0.33542769902909286,33,1581072
0.35867154995738715,93,1621227
0.3661527006490646,24,1641649
0.3567626424799458,24,1590070
0.38684968330484715,27,1580965
0.39677615716487424,25,1594118
0.37905794128595927,22,1597698
0.33746037107746696,38,1587972
0.3610495811883987,41,1589562
0.39515520240403723,23,1614384
0.3817187875687533,14,1631703
0.34879348092359497,23,1629728
0.36920722332164924,30,1497873
0.40973094594599535,12,1504154
0.16256051942956684,47,1497416
0.33839458260854205,55,1518463
0.39333192852543375,21,1527217
