0.27687399588683215,21,38637
0.09484376724586763,35,37703
0.14036871835236064,21,37427
0.04754901648287979,42,39739
0.14768530716249972,21,42027
0.0984334122925421,27,40031
0.2373790862370132,18,34800
0.042087326782747625,36,38795
0.2526814198320806,15,37155
0.08603201861341281,16,38703
0.3574130614283214,28,40601
0.0764631714465489,18,36257
0.11212909107114799,30,37283
0.2936160716712092,11,34787
0.21321764673936605,14,37320
0.28367601893079397,27,40018
0.19727237520726892,20,38164
0.19177888036817148,26,43197
0.07870248684568493,143,47881
0.29649161086901277,21,37339
0.2881203968679281,16,31931
0.1072471044776665,28,33345
0.24799502240814697,22,29322
0.15277364870285437,15,30363
0.22424551150802163,37,32807
0.20240033277148872,24,27606
0.1314540995617406,24,29513
0.2515581555518981,36,29791
0.2212163975621847,38,26862
0.10613637635763129,24,30197
