0.0,7,19333
0.34287489398282833,79,25947
0.15125525575247167,23,19694
0.4688690909679373,33,18416
0.38247482137325406,30,20781
0.39098380119260245,24,22250
0.0,7,19743
0.1318431651312728,8,24058
0.1318431651312728,7,19692
0.0,7,17571
0.0,7,27115
0.28434942348538395,42,20416
0.05837610130358939,31,20260
0.0,7,20262
0.0,7,21852
0.425776136247238,15,20227
0.0,7,26479
0.1318431651312728,7,18154
0.38368293893895145,118,24273
0.0,7,20428
0.4380429671735172,25,22789
0.0,9,20590
0.408654862046799,39,21154
0.13184316513127248,9,19896
0.1318431651312728,7,19329
0.0,7,21440
0.4348454235445729,40,21539
0.0,7,21525
0.1318431651312728,7,19191
0.0,7,19076
