0.08801117837592987,13,14426
0.0,11,15753
0.0,11,12625
0.32137033728612985,51,15453
0.0,12,15763
0.4369714450455312,59,15623
0.0,8,13950
0.11292398189290809,31,14068
0.0,8,15994
0.2991894243663674,48,15834
0.0,8,13755
0.40548364396499414,73,17058
0.21602276380878305,61,16179
0.0,11,15368
0.0,11,15529
0.406719729683681,53,15114
0.0,11,14152
0.417035592152712,21,13734
0.4324237556912608,35,14141
0.4524298896383061,368,56075
0.3599554957840426,24,14431
0.06268981418401576,51,15646
0.3247556825595469,39,15670
0.40347131417315196,38,15139
0.0,11,14189
0.38023113954261034,40,13489
0.41739602858544456,74,17286
0.37972063818356516,50,15408
0.3371037746983113,76,19456
0.35545414247571594,48,14366
