0.07807856840237815,41,13400
0.0,9,14783
0.0,9,14945
0.0,9,13602
0.0,9,13967
0.03183800048721386,83,13612
0.0,9,12559
0.24163505918678674,61,15057
0.1657938078265394,49,13404
0.0,9,12818
0.25877389296410336,35,13481
0.10730067807606136,81,14160
0.0,11,13478
0.0,9,14175
0.26716366002675807,53,12894
0.15958831440983778,38,12744
0.3191459344687323,23,28909
0.0,9,15246
0.0,9,14793
0.45363785529019696,48,20933
0.0,10,14607
0.0,9,14231
0.2396605920471846,42,14718
0.10275919113889853,50,14088
0.0,9,13743
0.0,10,18688
0.2248197561047116,27,14356
0.14920131155163885,30,13707
0.0,9,13946
0.2793185515680109,348,43230
