0.021737979752777803,22,12665
0.07507477936093165,55,12932
0.007877074811008966,39,11462
0.14863566743220358,18,20521
0.13152136579336826,28,12626
0.010112797314554056,48,10112
0.1424495768999312,62,14101
0.018313592588247163,69,11506
0.05319916652102674,47,12134
0.044296043686118836,50,11464
0.04782429677542355,36,11171
0.028953458664334297,82,15418
0.026032691360529547,61,14019
0.18774884549018267,34,12944
0.05958476663237766,28,10693
0.04486117327401762,42,17281
0.034578666832667526,52,15778
0.051548512993483286,37,10548
0.14704037466172526,62,13290
0.0360954954441397,48,11370
0.1365521944965341,24,10866
0.06292728877801201,24,9643
0.06090968617884274,34,13635
0.014860945609979304,45,14406
0.06990556750025889,38,10635
0.053171332335971266,44,58213
0.007280722040214571,58,11894
0.09871914515786373,43,12049
0.06037184933811335,25,11252
0.09551810993231358,12,9855
