0.8443262666059792,101,18823
0.855649780454889,49,15434
0.8732822211323044,75,16040
0.8523865546775292,52,16094
0.9635377403916097,98,17853
0.9549547946438944,57,16293
0.8979694296877414,87,20025
0.910953967532118,62,17931
0.9263526807061535,48,15192
0.8602124249551087,61,16158
0.871125162452342,69,16405
0.9243026874511023,39,13981
0.8526667863506698,36,15442
0.7763543135536631,66,17677
0.959493354317122,48,16031
0.9549574450066268,59,16782
0.9571610454926496,205,23932
0.8644283285377912,75,15504
0.8820375554740845,118,20473
0.7821672939105081,40,14799
0.9066243745573749,40,15009
0.8325692297209767,48,14309
0.9446051036577531,245,20587
0.9557982610864701,65,16035
0.9079593772394665,63,16935
0.686860238248584,31,14591
0.9164856107497495,94,17425
0.965643528512865,128,23209
0.9055245363811799,64,18448
0.8414848594079403,66,15636
