0.3447999677548865,16,1559417
0.3360236476788091,69,1620624
0.4638812557706098,21,1557857
0.41536497341625045,18,1610875
0.20591783774420824,37,1669413
0.2849654347098328,30,1612162
0.46388125577061035,13,1579237
0.4379504734492432,11,1594868
0.290845784902648,34,1588360
0.0,15,1588254
0.42286747790065904,17,1591329
0.3352571929623184,27,1596245
0.0,15,1634137
0.0844315299373396,46,1666068
0.0,15,1633038
0.12798843745256805,42,1528681
0.31061071576246313,19,1627604
0.2740940847983959,23,1506989
0.4359617606954267,17,1531854
0.42286747790065904,16,1584670
