0.3925981159256958,27,23787
0.3210152380317698,41,14046
0.3643834085146972,61,18614
0.2980652341254848,73,18679
0.37468060845973006,57,23171
0.38385464148835746,35,27677
0.3269884531998376,48,15615
0.34267984795606576,39,15197
0.3436905496777134,69,15624
0.3641515906826692,18,14724
0.34083247707274567,38,16979
0.23312310782588908,241,36438
0.3994536850209215,1315,153519
0.35331419090457383,112,37169
0.23579627834793138,44,22372
0.3315783014426157,44,19659
0.39067433548887376,52,21766
0.39462136229539635,19,14552
0.10878024393409513,65,17754
0.40973094594599535,13,13905
0.24663155873735287,23,22375
0.3504623944003422,40,16921
0.33896827670313434,18,16030
0.42953272780203555,165,52795
0.3827243434457571,32,14437
0.3333608007454616,259,48999
0.36357401061907446,81,17670
0.38796732635340336,2275,422146
0.34919418026378124,30,14507
0.22799658486373808,136,19345
