0.9342221245664062,36,185734
0.7360586449714643,36,119302
0.07524541959469955,48,5115203
0.9371678510736015,16,131064
0.5365883934303832,35,16973057
0.9315514425579934,44,5997032
0.2233097903504001,44,181574
0.8257430962960262,12,162954
0.1649636619881093,25,120436
0.36617904012657587,96,5831879
0.9341088933705345,28,194795
0.2472059189279403,47,257470
0.9350640162555185,15,74394
0.9131154937921439,18,137416
0.09837973930373245,21,2314876
0.9201352370342304,22,230648
0.8526319505024778,33,256793
0.8566482584507888,61,85993
0.9129824797349346,26,402831
0.8424083125277237,54,203393
0.18219003197106698,70,155607
0.762289407227768,32,97746
0.850680667159618,45,159017
0.8739795965155833,129,199221
0.9335617201167786,18,383664
0.8370853942421397,21,139797
0.17473589147968072,34,148525
0.8743115345764416,41,10873846
0.6349714430811478,34,190232
0.7100841928716619,36,139913
