0.2072329838326591,9,73271
0.06204737210047451,17,57462
0.14195167424201094,19,57155
0.20361389028623078,8,68744
0.21394408141766819,35,75998
0.2072329838326591,9,49159
0.04432181723043038,18,53550
0.09448835053851834,16,55309
0.011651215337872833,23,58874
0.03538371073004454,15,54467
0.06880773929719353,22,62407
0.10191917926337135,24,62957
0.05450383318037377,15,56351
0.15288104738177688,14,65590
0.15314563935321046,17,61239
0.06347610452558416,29,55670
0.3500985914079673,29,51493
0.34872540287140297,12,68820
0.24562559113079407,8,62145
0.2595104523930536,16,76132
0.030015034064203028,19,61601
0.00950633506805365,23,44605
0.07688158041390836,49,48825
0.026324650856444753,21,45358
0.05059364045710335,25,45963
0.11851879010105149,26,51639
0.027614692683318065,24,48868
0.1070672284913502,11,54744
0.3368042579106899,16,49156
0.08196401242235996,39,58016
