0.33374055926299784,32,10764
0.2907078644718394,21,9680
0.3674791077286279,31,10153
0.3340803657401016,38,11598
0.34430279962214216,34,10896
0.3529724244529946,49,13966
0.36427980228992873,28,10582
0.17906640181936495,20,9137
0.3872063291481971,22,10375
0.3347978989733069,26,10268
0.26598645804107757,65,10543
0.36603447119247445,38,11809
0.35658122261337544,32,11040
0.40108151811448933,26,11203
0.36990883537021524,174,24673
0.4032000890870361,25,10705
0.3541299417047382,112,159633
0.33630989462961214,50,11490
0.3586852252665691,42,13179
0.3679662341448311,37,14335
0.34803082345473335,28,9452
0.345862328491196,52,10258
0.3471197043226113,47,11378
0.18064784639583287,60,10107
0.3768162352250868,20,9184
0.3651525833773904,27,10625
0.35118262879950224,30,10536
0.3655526238872957,77,11065
0.25228641703555577,31,10490
0.3439585284661818,33,10799
