0.04037962847657639,18,19903
0.11382869948805141,22,19379
0.2069507110205191,54,19744
0.048489173008587794,51,20334
0.0669290164671702,33,20001
0.057917872891395494,22,20336
0.07496480854012633,74,20478
0.16546430079251728,32,21044
0.09950045654772621,46,20905
0.1190346363292939,61,21763
0.10070397821389421,30,19775
0.14277067868987214,77,20375
0.10562254776476954,25,19585
0.2232908050492156,37,21361
0.06931291492651526,18,21225
0.06895733796081571,23,19669
0.09419284886117785,16,19434
0.14200683177343443,55,20904
0.07892860686881598,63,19960
0.14896221380729502,77,19971
0.1004018835662207,20,20230
0.11074477778695191,23,21545
0.04123794309674522,54,20175
0.216657321690627,125,25796
0.07768394260956835,14,20248
0.34505770458822127,29,21462
0.16944028717526927,35,21758
0.10043380460920981,41,21626
0.29484022484111905,7,26133
0.19063608990772418,71,21231
