0.2819515735644518,53,14673
0.3341188196944852,35,12623
0.34320218800276836,31,14203
0.32913137750946886,31,12411
0.19544990524082373,60,14168
0.3612659620534736,77,18964
0.23472677486283466,36,15038
0.237374767038098,117,16782
0.245241611729772,39,16754
0.3150319855815795,23,11800
0.2764662144732828,107,17733
0.35322789418782874,45,16808
0.3177773986495206,237,34065
0.3100020773265024,42,14758
0.3358309082890014,43,13168
0.35963890461936276,33,14538
0.3945996369718465,14,18612
0.3503611333029846,28,15508
0.34056940047089534,30,13179
0.3521149807228604,36,14607
0.3749691246235527,65,16206
0.3401308044065373,790,82996
0.34197877695078305,88,18535
0.3596439617693655,28,14436
0.3366630953315848,59,17144
0.1445747974013043,47,13881
0.26987167484436436,46,13817
0.34871596758546397,123,16402
0.3579820310648998,249,23542
0.3602270612812353,25,12166
