0.06221771362708395,23,13674
0.23138656006719327,39,13009
0.128766605027549,84,15527
0.02022392270472917,59,19031
0.08656452906197187,36,13829
0.03372120857064631,69,13501
0.07921370368483527,28,12787
0.06878686167489534,48,15000
0.04451388405150247,35,13567
0.023495626473964637,27,13103
0.04977419829809038,42,15099
0.03996128712099001,41,13631
0.12884692825727262,247,69931
0.061461310536672475,18,11794
0.06341743398843114,43,14526
0.0573963263325421,48,14983
0.03665249914588298,28,14419
0.1222746645853725,268,13704
0.0839200838099563,244,13870
0.025992813926810632,53,15393
0.16445649912478288,25,15061
0.10308539749356194,12,12882
0.030868805440774416,38,14882
0.012053014844893628,57,15178
0.10331535741792341,84,17054
0.09524266903758849,13,13200
0.018052215108867453,25,13243
0.09825116688148705,44,17221
0.12133540886026284,40,20838
0.07150963997999571,18,13022
