0.5031162881786748,35,1749176
0.6035493249180466,308,1588921
0.3840776542455827,26,1556829
0.3542762276153639,51,1656471
0.5022160762902066,100,1667235
0.700540642587593,20,1601313
0.36835049691114885,68,1701516
0.6569013829475885,39,1593253
0.3860923812946965,32,1598299
0.34978970816281174,67,1573013
0.7781418366191275,45,1601209
0.5532722431939618,41,1623442
0.5030562540665373,34,1620238
0.2944587760394517,58,1619353
0.6914327101582761,107,1603693
0.7155348805581707,39,1491107
0.3716994109973326,35,1503607
0.42318843900677006,49,1512726
0.710273999601843,236,1528205
0.5462522745007165,38,1566747
