0.9849250776662982,22,1606693
0.9954195704093366,78,1658768
0.989924129060666,44,1576170
0.9955950141814913,62,1616962
0.9953850901803689,19,1635318
0.995054956336733,25,1605104
0.9775559067024798,60,1631800
0.9953705594085535,17,1600553
0.9956827907981464,8,1582436
0.9877655145622419,12,1592789
0.994403225024043,49,1612333
0.9872940039378354,39,1602604
0.9848019948365236,35,1692988
0.9871024231782128,71,1633099
0.9942094194693054,41,1617439
0.9872732463404547,53,1499116
0.9910440407723939,33,1522152
0.9963054881205058,218,1528406
0.9953184214308654,23,1516135
0.9783109189515766,24,1594137
