0.24562559113079319,15,1536448
0.23343556695335055,29,1618688
0.06309634034623501,27,1790533
0.014130401734948506,30,1589612
0.005798138103589867,27,1609230
0.014881332284284454,19,1623263
0.22331061419548548,31,1615230
0.24562559113079407,8,1590861
0.016629299713328938,18,1579355
0.009194022673513436,38,1583514
0.4078386624332231,13,1582409
0.016629299713328938,19,1583220
0.38650258426514006,15,1642048
0.1738887206447115,15,1618223
0.02148934624606791,16,1584302
0.022908781056136696,19,1616595
0.033691559564350104,15,1489057
0.1954339319382674,20,1514879
0.34500644043688944,11,1471758
0.4078386624332233,10,1508964
0.1558978566035525,15,1551418
