0.41748144494214245,10,134225
0.37426838449199196,30,58398
0.4058529871077403,23,61535
0.3913970064987836,67,63501
0.382734931409192,121,58266
0.33026202667119087,296,103053
0.3405721346169046,28,76894
0.39630505123672466,61,52000
0.3506249244693216,38,47458
0.158098647551148,32,62356
0.3641043994543184,31,215464
0.5894057344929691,28,64984
0.2547451525662132,17,49992
0.41322199217107125,52,133834
0.3848381338454778,34,51817
0.04819692756474603,36,47380
0.36258027340638765,23,65960
0.4035823144248504,52,227031
0.29039698465974784,70,106084
0.4062387228872735,23,61289
0.4764778590369835,66,568131
0.3624345414309508,33,299977
0.3763660102581414,24,61610
0.3931694037634297,143,53250
0.4113672444836515,150,51976
0.44204436913949374,3943,399816
0.38575308939055,28,98136
0.36643444829159244,23,238827
0.36724636583422665,21,61560
0.3836784460130963,40,40765
