0.8868527996674531,49,12575
0.6731398439658545,63,16355
0.6840758644729195,27,15746
0.6965152915807543,25,19864
0.7207744161304914,15,13261
0.7209378580811732,29,13818
0.8695556953890883,14,9460
0.8364592736553965,31,11853
0.8615837155657116,36,15309
0.7008541067635286,42,12767
0.6534707125259702,17,14309
0.7262287590723946,79,15116
0.7273374667651307,51,12832
0.8885821998920533,24,12586
0.7094642353271601,22,12210
0.8911109345132203,54,18510
0.8904017394087089,34,14228
0.800698561201025,31,12558
0.8840802948568829,46,15579
0.8941689434170836,33,13752
0.6987823435133336,38,12864
0.7469773525808461,20,19915
0.7998758661603774,43,12787
0.7330564924172287,17,12734
0.7727634724938068,46,16085
0.8946138392316905,36,11140
0.7282568410297607,52,12240
0.7812193966947846,28,18074
0.7092931466791614,60,16438
0.862944806408277,24,15672
