0.11028522300756383,28,9320
0.0,9,10599
0.0,17,9518
0.0,9,10364
0.0,9,10697
0.21166151039749082,53,9404
0.17181859664258958,32,9594
0.015806372429568838,58,10107
0.1112554289619353,34,9368
0.018128653808995865,32,9715
0.6330077092339474,32,10354
0.0,12,6718
0.0,9,10423
0.0,9,10557
0.046901265808643955,18,12003
0.0,9,9923
0.0,9,9273
0.0,9,11546
0.24535859698439244,77,11804
0.04252393673152299,42,9986
0.0,9,9333
0.0,9,9789
0.0,9,10436
0.0,9,10457
0.0,9,10546
0.1722340009194766,40,10084
0.1985699960585935,54,9715
0.0,11,9183
0.0,9,8925
0.08099093442665473,39,9746
