0.10431106938150114,33,18062
0.07931119949775578,21,17282
0.04804398717833169,21,18198
0.052184165355545375,12,18079
0.12876404150181342,23,17382
0.06772593352758494,15,17814
0.16865233911730593,19,17700
0.029574528804977795,17,18224
0.040593903759254535,12,17465
0.025386950982530077,11,16568
0.15196400277723499,9,17462
0.11941549723774825,27,18062
0.3703628502608255,29,18042
0.025386950982530077,12,17496
0.027900267559170078,15,17329
0.025386950982530077,12,16918
0.04184910742875958,19,17056
0.17340928802517974,29,16641
0.07475031891779571,12,17810
0.3082917013331241,39,18524
0.20736676933625886,38,18251
0.048468727096132924,62,17575
0.10886862313397039,52,18125
0.05921358721121561,17,17085
0.2272373544441575,19,17221
0.024986399629884026,23,16964
0.04860373479968372,23,18577
0.18614080445234782,14,18007
0.08766098411589396,19,17845
0.024672476569075563,21,18367
