0.45730593146975684,30,310105
0.0,8,156815
0.2625983683389721,34,42560
0.3777999859760647,2606,568463
0.28732124304592954,38,61091
0.24397398628030886,17,53162
0.0,8,49810
0.4598208398561956,109,155910
0.0,8,63426
0.3209026604605977,41,42135
0.36413289978578134,38,94237
0.5506814108341197,30,63096
0.0,8,105891
0.2734989402255006,14,81690
0.275967958874916,31,344126
0.3304198190624149,30,205845
0.09433802160017069,34,41240
0.0,8,139388
0.3387069542573883,65,90307
0.35698181370953486,17,51565
0.194061210022337,12,108641
0.0,11,175200
0.0,8,48732
0.0,8,116871
0.5309976051576808,31,101770
0.0,8,40564
0.38312687761356456,50,160858
0.43451968482603875,109,55237
0.0,11,218594
0.0,8,75951
