0.04719425614314421,23,21790
0.0,7,15065
0.4387288328505864,24,13907
0.0,18,14352
0.38534036755798395,60,17335
0.0,7,15522
0.47283225310517796,58,15841
0.3156669917458802,99,16529
0.6507696540676267,75,18623
0.0389796617363809,102,16134
0.4726176133099361,35,15832
0.0,7,13656
0.4122308244343028,118,18844
0.0,7,15329
0.5819078924966838,33,14133
0.0,7,14794
0.0,7,12993
0.6274049579960919,45,15572
0.0,7,15651
0.6137759237750928,37,13818
0.5470410953998505,30,15422
0.07856766879965738,26,15119
0.47948766631383,71,17313
0.4898488964923533,32,14484
0.1318431651312728,7,18660
0.1318431651312728,7,16347
0.29343192972418697,33,15326
0.0,7,14085
0.0,7,14643
0.037621526520803306,39,14766
