0.06550165832375365,29,1554157
0.07367063422004605,37,1544001
0.17220136817788656,32,1644913
0.05926790052923547,25,1608953
0.10308539749356171,14,1586590
0.03827041672690923,27,1584269
0.09402764552544773,20,1640277
0.036596480123269326,44,1632146
0.1686595630355353,37,1573932
0.15754948329388152,37,1646635
0.06555988978601646,41,1657390
0.045305652422004905,28,1582316
0.08264786663545387,24,1618598
0.04701532773385053,37,1636754
0.060591705780048355,24,1609552
0.05067299073075304,37,1497326
0.09551810993231358,12,1495444
0.03742007460041852,36,1504925
0.031753933241716936,39,1509457
0.022375841173154054,28,1526013
