0.007730444233547518,31,10270
0.026697058480002367,21,11865
0.025386950982530077,11,8611
0.3216645845253322,28,9217
0.016629299713328938,18,9744
0.1738887206447115,15,8871
0.10706722849135031,9,8664
0.0235244719215143,44,9334
0.013229997788025472,48,9862
0.041336873702141674,37,9360
0.10038156913350593,25,8909
0.2072329838326591,10,8479
0.016629299713328938,18,8151
0.260573860336651,57,11702
0.17476213079984626,30,8885
0.018087826309794885,21,9295
0.026867744217785372,37,9530
0.01604068786270585,25,8949
0.19480311469351208,28,9307
0.14552512364812875,43,9831
0.014524411538991755,22,9825
0.016548230972669664,17,10440
0.016481091378319657,15,8278
0.10706722849135031,9,8103
0.02498705403781376,54,14245
0.003521353582474074,30,9162
0.02110865472128043,53,9626
0.02466826867620797,28,9443
0.014386997663704326,47,11481
0.0031039167095813225,38,10394
