0.06784649066873005,24,14888
0.036830272513875495,47,12646
0.03641023289088585,43,12161
0.02680638979965555,41,13202
0.07550127345886115,68,14913
0.04453691808684701,79,17175
0.024944331769175543,41,12467
0.03142159047541737,44,13639
0.07489807328611886,27,12322
0.1743802833047342,49,14018
0.18584036578043084,14,14621
0.045380313110030324,24,12700
0.07618510488252894,23,14845
0.06117599001192009,54,18048
0.07424315501699508,31,14628
0.10167267479634678,103,17904
0.04150452158766538,44,12575
0.3396661090497648,20,13326
0.07176069616413772,30,12860
0.16647291148349908,130,32327
0.0,19,11562
0.044160770431976304,76,15650
0.05455738127462162,28,16471
0.10705289577127408,218,24877
0.025064895529732567,46,15236
0.01963158805776155,58,12518
0.02158776043566324,33,13086
0.042255466721331625,35,15055
0.0936708557801903,31,13746
0.062053916966241296,42,16650
