0.8348101761763147,19,8781
0.8388892377105462,18,11193
0.8337716446240935,42,9279
0.7917234082798252,61,11625
0.9518416326556052,101,12788
0.947178567818357,102,13411
0.07520874192947546,21,10293
0.8321326420305017,19,10056
0.4598942593245712,59,8465
0.2157427748931915,40,8746
0.2230685654625838,38,9351
0.8466155515841902,134,18224
0.8625549687540053,26,7704
0.7694323331266606,53,9801
0.18895182932480792,58,10080
0.1169451667201673,30,9462
0.7434344352921114,28,8429
0.28440279108566635,68,19141
0.932264747702042,31,9805
0.6725819701720396,46,10562
0.0037258766865001514,33,9520
0.08575835930498832,23,9056
0.19475049233615527,25,12005
0.42057086605663563,42,9472
0.15251221160920692,45,8766
0.5111160997045981,27,7956
0.1464375235223494,22,10188
0.24255913155309206,24,12520
0.040877756755062555,27,8396
0.11992074209078318,30,11656
