0.4909464893994968,367,128363
0.48077785354061664,80,76121
0.654214945478324,40,80368
0.4427125739586233,162,109694
0.5024195561907503,90,78137
0.6511199044074216,2151,158899
0.6955048109671047,58,89424
0.6551653359813316,106,72216
0.6067811588378209,327,69491
0.7072300165140349,43,328497
0.5711970359573286,38,147490
0.39056541214432616,207,141900
0.7110040888243039,985,222912
0.5842013924122172,161,67842
0.6850370913991195,184,152731
0.6974298088395109,216,38693
0.6788977749454623,610,88683
0.7037714898170002,150,120131
0.6655904736601663,194,88040
0.6307633489536006,197,64425
0.6458401955839106,221,125079
0.5609047933262646,118,76983
0.3660094357791156,294,66138
0.7042725486470938,93,55502
0.7141909768168762,246,72705
0.5489923023096239,66,232696
0.7037191933212326,625,100889
0.4381609944680692,57,72202
0.6951848957896549,56,126242
0.3692506499016668,25,39557
