0.19450984606910304,28,48910
0.34238642800861063,63,75644
0.06507886823341247,60,123944
0.0,9,54325
0.0,9,43805
0.3378940534806434,28,116987
0.2781638177421081,11,96385
0.23226086465356754,14,125126
0.08511079586167991,45,128487
0.4207682560261541,31,163755
0.0,9,46891
0.0,9,81753
0.2186790132234272,102,302024
0.34844931329550954,38,263318
0.27188739627379066,36,78930
0.0,35,115418
0.36362712137047015,71,60147
0.27816381774210786,17,131675
0.0,11,43156
0.29867085949634287,27,190839
0.0,11,284031
0.17346323125645802,45,77426
0.16655389536984166,28,41734
0.0,9,307136
0.5044604466971851,106,69743
0.13199677793574383,57,45858
0.44562944020753703,76,122681
0.5022864584764131,35,125772
0.0,11,55661
0.26933036485280837,39,115496
