0.9578341103303627,87,11826
0.8971796720664509,76,13618
0.8766322707793425,49,11632
0.9465103113987423,33,10010
0.7297150762570248,67,12465
0.7921581255199485,65,11311
0.9582545440768842,31,11112
0.9298903115383705,80,12249
0.8245942507662161,149,16353
0.925276125471731,48,11258
0.925559299902,42,10595
0.7098055463832413,64,12711
0.8086146914997749,52,12777
0.9458436877974655,37,17825
0.834385241968304,62,10859
0.8399272069166374,57,11495
0.9577269035646292,83,14712
0.9492858722373171,79,14639
0.9103644939011936,60,11979
0.9385675993996296,90,13511
0.7432586740020353,72,10417
0.948897717650729,90,14214
0.9396357653329142,29,13239
0.9467060034527118,49,12387
0.9462056710400053,41,9961
0.9245328441657281,57,12312
0.9343028797860782,89,11902
0.9461905575605059,42,11703
0.8696732558761815,108,11669
0.9510887837501412,107,15803
