0.9423543211416645,49,62914
0.9416981516881009,52,58783
0.9447311621784764,20,61735
0.9591201607893326,95,74837
0.9532773864220142,86,69288
0.9420403649141069,32,55714
0.9617833622835325,25,76379
0.9590824231413573,73,65706
0.9505098903484015,102,70882
0.9338534053987732,63,47003
0.9357564677975165,94,55755
0.9188051903744383,108,54168
0.9577124085756207,46,62087
0.8431851067787117,85,46455
0.9295615327842301,24,62455
0.7099021671136863,64,47164
0.9615438669130032,30,60482
0.8940936694360211,52,47906
0.9405325648971208,47,48867
0.84469546663326,41,45431
0.9445928127566585,90,55035
0.9560201592452086,47,44790
0.8689575233623142,41,44723
0.9348517606028229,36,49224
0.8550579764934491,51,44755
0.953079932420674,47,47047
0.7520297631442375,44,38033
0.8903477263881756,61,40822
0.9664375593989664,74,42609
0.9272804514569961,24,39527
