0.9876446629458135,143,188096
0.9973202648052832,87,251380
0.9962188428322566,110,299176
0.9928399598434675,36,226249
0.9972355413797069,125,225020
0.9922571798199751,19,158869
0.9969503890688332,115,187578
0.9951114900998573,259,126089
0.9972681708391327,50,223047
0.9904145722764972,59,395716
0.9877535131641797,112,223314
0.9965319282078927,205,236499
0.9948877782914917,124,161560
0.9946038190665697,95,114969
0.9978273398593587,20,301419
0.9934757596516138,50,213366
0.9899903274034089,118,263578
0.9889056154817347,30,125697
0.989549438489173,21,363214
0.9948530243416485,756,598055
0.9891257258012509,21,164683
0.9947090496767248,122,229552
0.9839561420749084,41,94244
0.998180131615034,63,197054
0.9938540529075874,310,185923
0.9959978165514353,114,141875
0.9942435070234504,109,137725
0.9954119206784612,30,278304
0.9968968707449579,45,166502
0.9867309479113151,69,130750
