0.9340715676924183,37,17558
0.9583619737863913,91,19327
0.9464011065041744,9,20531
0.7842190479822815,26,20023
0.923062962898321,32,19301
0.8421096001879077,14,17269
0.9294320541405177,39,19411
0.8519691670993284,27,20239
0.9315021045377242,62,29995
0.7820383591014255,40,22191
0.9015815957916864,31,20172
0.9549134533920246,37,18241
0.754534045158924,33,17060
0.787821083630934,32,18967
0.6240362319933028,43,16711
0.784010198248538,15,17816
0.7583495175598893,57,17711
0.0,25,19008
0.8953460452273218,42,17850
0.8457136334690885,26,19007
0.8455676692394823,24,23896
0.86345549759863,23,17284
0.9629565187598573,9,17708
0.9482989992310762,30,36275
0.9353732042507275,51,18558
0.8864958165223903,29,17181
0.8691441319481397,111,22238
0.6574104824971558,25,23612
0.9517697654030154,60,19319
0.40729848799152646,32,19323
