0.33149860440698076,58,14463
0.44614983907194183,125,55398
0.312160627800138,22,13375
0.2746762204737967,71,14994
1.5543122344752192E-15,19,13875
0.22262932956049386,108,13851
0.2337378283963848,64,13581
0.13362483287983862,43,15568
0.23416019716361725,45,13287
0.07063997366682595,58,14121
0.3070771493036182,68,14921
0.24507806768888407,69,15590
0.16114041855872008,40,13602
0.33649505062628704,24,11835
0.4073809756231497,51,14221
0.30290109229537565,91,15096
0.654566037439648,53,13685
0.4123695967604183,57,13572
0.20402165197805133,37,13401
0.09633082836269902,38,12822
1.5543122344752192E-15,21,13859
0.31194517236573616,38,12833
0.40830718206699146,33,12925
0.3685232712140555,20,11956
0.35937176872716536,66,15606
1.5543122344752192E-15,24,14726
0.41413049174918404,46,14251
0.4101191498773067,23,12523
0.44219350151266335,27,12524
0.3936385250714436,15,13155
