0.8919438728488913,46,11058
0.8159185176928205,23,10551
0.7426050465725781,53,12512
0.8844364913274273,43,12437
0.7880941139850645,19,9868
0.719948990042014,30,10883
0.6998032145638129,45,15762
0.7917271790949376,16,10711
0.8959929611090452,72,13616
0.7861899432748782,22,10689
0.8934149407295459,30,11359
0.8965402949305228,94,14326
0.7505940010802454,13,9736
0.8847329790833198,44,9734
0.8967163815380214,30,10439
0.8937185578330604,11,9962
0.7727316540958182,30,12934
0.8171629572684234,57,12926
0.7845861458998185,18,9133
0.7949914608559911,22,11177
0.8915793602267182,48,11979
0.8597551939516732,37,12519
0.8994158754447128,41,11013
0.891063779304134,73,15152
0.8933853188490734,24,9787
0.8678250385027407,27,8886
0.896485425248222,53,15161
0.8929750803707879,8,9971
0.7183709768649305,27,14780
0.8149264419586755,29,10075
