0.22610634048058542,29,14396
0.3088614499642557,26,13161
0.377733068513473,13,13470
0.12178650282643888,46,14587
0.23669830996698227,21,13730
0.27632193229670454,74,16006
0.25545702537916015,48,13368
0.0,15,13786
0.31551551552836543,28,14260
0.23208101754854116,56,13899
0.22834091908361087,30,13711
0.1514827294694291,38,14514
0.19606404930613008,32,12823
0.0,17,13168
0.0,27,12456
0.32447818351579205,36,13536
0.2925572037202152,31,14121
0.0,15,14462
0.25291024975970156,63,17715
0.0,15,15828
0.0,17,13674
0.3659886705338131,18,11444
0.3148141695718788,24,13977
0.24639824922536158,24,13077
0.08593768705767246,39,14553
0.1988316139285875,88,17287
0.0,19,13709
0.0,17,12908
0.2711044952758608,24,13481
0.3738998867690282,25,12558
