0.3915370914078541,39,667242
0.43142348075843606,89,118314
0.19212951445084447,145,157714
0.34959499608097266,92,241465
0.2719297849065825,86,145102
0.31235621331093943,1358,84787
0.35837525008290816,769,141771
0.5177228055601466,43,289901
0.40509163627979017,5807,357209
0.4325317491422279,23,200352
0.3834244115730401,124,60045
0.36621684389429143,85,350994
0.2774454620239989,44,57787
0.3721060858490942,2757,439024
0.2740104053488778,478,290201
0.41622735681994316,601,164737
0.3867292065132023,12,140512
0.3585530949176684,31,100524
0.3468862871793571,138,79522
0.4175103473271151,14,343008
0.3894459168211022,17,401349
0.41748144494214245,10,191624
0.2696992910252709,37,413659
0.3884152876240863,37,62318
0.25419609295194057,159,169254
0.3846083247247909,13,73749
0.4154900793436441,64,406665
0.41748144494214245,12,145528
0.4403173878747284,62,72559
0.36755577935593364,381,394406
