0.3641014513539409,49,19081
0.42860706580522656,26,18124
0.15552336680457857,9,18615
0.01523934035561092,24,20059
0.2927132019834655,68,18134
0.23152988008473419,30,20074
0.39101804230431436,73,18223
0.3521362210564296,41,18205
0.31908430868602045,29,19071
0.4235374561085544,8,18497
0.2868918821468124,28,17599
0.3938794215116467,23,16611
0.4513490504951405,18,18478
0.32373330234827613,16,18553
0.1961514048643288,26,18512
0.2714815289866568,20,19715
0.25765609373387344,35,19998
0.32982262978196686,79,20070
0.4447191874978276,52,17846
0.44343140627042066,33,19526
0.11928283827151864,32,18749
0.24300652768669773,33,19557
0.07552504175545438,31,17917
0.39618133796352006,26,17749
0.438919404120096,21,18532
0.5756977254429356,5,16772
0.2684631525485329,21,18367
0.4235374561085544,8,19720
0.10184950984165686,27,17616
0.25440271573259354,42,17805
