0.9877655145622419,12,167672
0.9925295763852283,57,271051
0.9877655145622419,14,229955
0.992250258680579,66,245541
0.9927748699712048,16,112268
0.990706487705197,71,204569
0.9886985288581045,57,270164
0.916363425381191,100,282866
0.9858384007495917,40,154535
0.9927846371142225,78,245175
0.9905664621484271,125,254264
0.994932641009892,74,175562
0.9860743280364512,67,268911
0.9963291301586099,40,175153
0.9861162705439398,47,136064
0.9916544195881314,166,328955
0.9908316284410051,109,130468
0.997251169841966,376,326726
0.9922691747887747,144,474305
0.9764401094961067,89,246230
0.9873566258250653,58,253633
0.9943470651996885,26,127945
0.9703443766347676,33,166509
0.9919901720911926,155,423119
0.995562890896909,74,270481
0.9783246769547181,56,174338
0.9900710368611625,143,180269
0.9893066905498754,72,150761
0.983606136504878,74,228132
0.9936341166955077,97,358597
