0.8269523377581114,17,284374
0.64196272397594,112,422919
0.8832021338001672,8,511405
0.735673637220579,39,266589
0.8414426109763479,23,317807
0.8826087841569841,15,278813
0.8235367555557409,15,155511
0.9102334819315651,27,354207
0.7494668948941714,60,226452
0.693019264139711,64,689783
0.8379229996009407,53,543846
0.8278765628568838,32,409796
0.8121250597790343,38,300709
0.886026544877782,78,370531
0.89576911568672,15,297960
0.8211942810972991,21,327472
0.833751475944595,12,279746
0.8766160990006922,47,253190
0.8571865819487414,22,550542
0.8643018494093966,43,227204
0.7935910850181139,32,387526
0.8959457511521508,38,180844
0.801989299107837,36,362513
0.8651537497412485,37,291999
0.8279084318016068,33,339187
0.6911921421907667,20,208121
0.7059778986655304,55,164372
0.6697143826676055,40,349371
0.681596213690946,35,212188
0.8948879582638866,27,186129
