0.4510624791597787,19,84666
0.0,7,373001
0.13184316513127248,9,130023
0.3576878673572286,95,294607
0.1318431651312728,7,306063
0.303494405840702,84,30914
0.0,7,115810
0.1318431651312728,7,575813
0.3523332489957509,45,49778
0.0,7,67306
0.1318431651312728,7,586983
0.5750265006898394,63,34074
0.1318431651312728,7,149408
0.0,7,90800
0.1318431651312728,7,70434
0.0141751838213241,33,77571
0.48765644560698584,6,163814
0.48765644560698584,6,564461
0.439663954316721,71,59063
0.1318431651312728,7,47690
0.0,7,207073
0.6001966087284955,40,194712
0.3441562721118864,59,50442
0.0,7,244841
0.6449425087180864,40,30572
0.13184316513127248,11,117517
0.0,7,136385
0.5556155546744959,6,701789
0.48765644560698584,11,104857
0.0455673846849195,17,166671
