0.509986652605017,18,62203
0.427923703627178,24,74437
0.39157038738098915,20,68252
0.4645927622371474,25,81110
0.2473151688930143,36,69651
0.42035545350235304,24,87216
0.48778204474399034,34,69328
0.527722952843917,35,66837
0.4099922992219339,45,70252
0.4067965521999082,28,104568
0.5523385068771198,62,85430
0.3583496139487372,34,72287
0.33346483687983786,28,81483
0.3871301495891668,15,69107
0.581529398071756,10,65063
0.23282623502020172,81,70000
0.41588205448178217,33,69232
0.3936385250714436,15,70589
0.5542925297876287,24,74116
0.38754412359972534,23,63891
0.3650792702224921,38,56625
0.3894548129173444,22,56987
0.3095320488339369,45,58916
0.4326772897185702,42,70474
0.3105338547496578,26,58980
0.5207736327949721,29,78310
0.2353785128496062,64,75497
0.25246007170293794,32,60880
0.1718507211675162,44,69795
0.48215382677589236,22,74414
