0.9842389369079022,134,12613
0.9655091427520212,93,10563
0.983160701868727,103,10116
0.9749873746284728,39,8836
0.9811544065890309,31,9042
0.9801132783201078,47,10047
0.9664328386772303,85,11444
0.9500464155550887,32,8300
0.9827649275737894,49,9057
0.9706022358754757,135,12837
0.9845787896283791,55,9984
0.9768802850885777,41,8780
0.9848604930857497,51,8899
0.9633668995799815,75,10625
0.9738423496279225,41,8848
0.9548750660071573,77,12078
0.9831294302630199,26,8960
0.9772196260324887,32,8548
0.9566556905024838,56,9140
0.9837365785522324,57,9348
0.9754263979962416,38,9102
0.9768291654529673,40,11915
0.9523584607327213,165,11537
0.9754952350582443,80,9148
0.9764209564121713,82,10204
0.9480724945658962,50,9974
0.981861655567068,28,10341
0.9746553179710317,44,8573
0.9747009135227737,35,8353
0.971789946860816,41,9812
