0.3889707922940421,57,17562
1.1102230246251565E-15,13,14974
0.35688157216591065,25,14391
0.0,9,12592
0.0,8,13951
0.36075638782155806,17,14157
0.2509142832034017,48,15459
0.2267105614365067,32,13298
0.0,9,14037
0.0,8,13084
0.3579581541521385,26,13469
0.3098314799370048,26,13710
0.3591201835474921,71,17523
0.3019059059339191,25,13151
0.43152301896676515,29,12314
0.024711232537208083,34,12840
0.0,8,12050
0.0,8,13709
0.4303044048673399,57,36748
0.0,8,12919
0.326707083147333,55,16304
0.35261045702661187,41,14870
0.3537566393306545,39,14253
0.0,8,12800
0.0,8,11277
0.0,11,13152
0.0,8,11572
0.0,8,12566
0.2019145692629426,13,13982
0.0,8,15724
