0.9913778537148973,137,21708
0.9948527715345022,69,16826
0.9942946312196493,146,24875
0.9838787097470764,72,18125
0.9891139586639514,55,13848
0.991958784398766,25,15478
0.9918876193292396,107,21746
0.9586614439148392,31,16844
0.9656573476597247,31,17066
0.9896362281294135,69,19116
0.93552149759191,52,17745
0.9712525215047609,74,17590
0.9799375094287448,64,17957
0.9924517719516649,232,20054
0.9942493495549543,78,16536
0.9711259860720792,155,26129
0.9824726558998187,37,19310
0.9862967771329797,34,15662
0.9857526815989988,36,17017
0.9940605841566618,53,19105
0.9947523453501328,85,19862
0.9945739848540696,140,20819
0.9940697458886307,106,22641
0.9850136869729885,39,14025
0.9762711457154528,44,15650
0.9905364168532482,124,30210
0.9737133488308425,168,33035
0.9960681567782252,83,17881
0.9912125812658936,126,19141
0.9912659988390824,84,22470
