0.6503479435079094,109,20382
0.5231364541329069,434,27466
0.6459813387376825,261,18905
0.6105835556254604,69,20888
0.34090679027363846,56,16245
0.578849583559274,128,18432
0.6906500036132351,85,14985
0.5919736971723757,128,15487
0.7477872654880716,22,12944
0.7140131076822852,78,13335
0.627646620365949,76,14267
0.46286810581077875,49,16375
0.36271907102192413,68,15778
0.6879282073129821,298,25326
0.2965121905528647,30,19276
0.7185079595463812,76,33793
0.6433534950215339,26,14228
0.6771824522471247,47,14965
0.6953171620691647,115,23159
0.6978973471272005,155,24204
0.5815819181540501,65,16349
0.6755176704686969,77,16833
0.34739426944799334,80,19072
0.7528352684640265,51,18581
0.6435066105651371,77,19073
0.7001279204385904,72,16675
0.6148284899368499,153,18636
0.24452765404674637,71,16066
0.7159233989277616,56,14242
0.7782112082527877,31,14108
