0.05473175175629397,13,15331
0.07278691027368334,25,13695
0.27160722121427683,45,15031
0.16517732740425117,270,190120
0.10247395482722121,57,14261
0.12030442180283396,27,14271
0.05473175175629397,14,11598
0.06343645640852758,42,15224
0.13320214366315308,20,14211
0.19886091635592407,60,15333
0.1260692842975205,14,23821
0.05473175175629397,13,14311
0.15461868551015545,32,15865
0.10402812930396532,57,17093
0.08368840252256804,34,14674
0.2447070593978885,54,16344
0.05473175175629397,14,13156
0.2818475154148391,57,72834
0.05473175175629397,13,13255
0.12182890673975844,25,13723
0.12648922127516915,54,14401
0.24729641615857245,60,15211
0.18489917209944207,28,15325
0.4030971791748399,13,29762
0.1329621804139839,37,14233
0.24630161145832286,22,13579
0.05485290033611512,48,16175
0.0605025562417274,17,14088
0.05473175175629397,13,13686
0.03871430672642773,89,16706
