0.44147885653718144,32,120829
0.40794162289360314,36,103760
0.38278468396656906,27,91007
0.3545953310337846,19,154397
0.4044566768713631,34,138954
0.36695728886249745,17,99020
0.14761302827738687,40,109771
0.3440389834100419,43,130299
0.3828129415363847,48,92161
0.38262620638766554,27,110587
0.2870040046139164,34,116700
0.32492822814295796,32,94856
0.4056513516459893,37,78390
0.3131504349187172,50,114885
0.3341117368314779,46,106909
0.3694425192926477,20,117107
0.3467952075159464,18,121434
0.3821835155955172,21,105557
0.39579849903861464,38,117071
0.41476519396387,31,111558
0.32055619050310147,29,107952
0.3914869487728777,32,101832
0.4018032093908819,34,133789
0.35935851949950215,69,154058
0.43317178821260116,27,111248
0.3968050449368703,44,105824
0.35959239287441014,43,95202
0.3500643131789404,91,75777
0.4031405422960489,19,97414
0.3497791371174196,39,118131
