0.0,17,12565
0.3208249347667709,21,10396
0.3616300584351807,40,11501
0.0,21,10963
0.3183615503003787,26,10425
0.3489828821198844,62,13634
0.11545228212104519,151,17535
0.3155072532254972,23,10449
0.18291429606375786,104,14731
0.14525983977372703,91,53389
0.3349597152789606,33,11816
0.3242555732122463,26,11670
0.0,19,11263
0.34410326974158356,63,12628
0.2847338653666899,62,11580
0.4512176885169643,17,11746
0.0,15,14283
0.26532988376033717,88,13130
0.2945987563330692,39,10743
0.10308768011465119,56,13312
0.3700141366854055,32,11754
0.32250619293540483,26,10805
0.0,19,10175
0.18013339973649245,56,12959
0.22586472365308508,42,10699
0.1610488497384548,52,12827
0.3280492848869603,36,10922
0.3206952641017343,122,17259
0.25595436733927124,47,12057
0.2358764067846968,27,11558
