0.45531089615475306,49,161532
0.4676360471311426,9,211982
0.4135120389248458,13,140283
0.4676360471311426,9,426706
0.4676360471311426,9,82687
0.4602920227352043,8064,329296
0.3542823744375293,46,73408
0.39816074072971097,420,83972
0.3559498853441927,114,95011
0.44243036221268794,21,178426
0.4676360471311426,9,161580
0.4657201254779151,10,87499
0.3736631531703837,31,210549
0.38155927061699046,20,81839
0.3426258957233096,55,93025
0.3671970789966459,31,120826
0.3582953606184701,82,148087
0.4676360471311426,11,143008
0.4676360471311426,9,72358
0.3418180682207381,42,126841
0.48531341100232017,6,174660
0.4676360471311426,9,90615
0.42862400923747856,29,578026
0.4676360471311426,9,86894
0.4066759223887356,15,113119
0.4676360471311426,9,187939
0.4676360471311426,13,95925
0.45172952210760975,22,60115
0.4676360471311426,9,234265
0.4676360471311426,9,217907
