0.0512347782100695,22,12829
0.22316259542032746,78,16133
0.13091955774744302,57,14393
0.34687754839142104,34,14256
0.34279154100513265,60,15830
0.29978093358600477,66,15736
0.24856334264412128,42,14549
0.0,8,11508
0.15372045046656857,27,13620
0.19500544562652145,536,37538
0.22837702984593133,27,15675
0.28566156584842206,105,13663
0.4466296335082238,29,12831
0.32038548607350603,59,14163
0.4047677752712199,41,12934
0.26750946421818167,33,16062
0.32285650970800883,65,16273
0.0,9,12556
0.04046160871024873,52,11890
0.003708571262213134,37,14514
0.010966560699781636,31,13224
0.0,8,13139
0.0,8,16348
0.3532261258703274,49,13704
0.0,11,13790
0.28162959415736744,193,22621
0.0,11,12678
0.16298042854164652,41,12518
0.422588454848831,60,14951
0.0,11,12202
