0.7780493080609792,17,9909
0.3102652707050598,178,12211
0.2006049961601507,81,10931
0.7366418860911188,238,28243
0.6924904364895688,113,15443
0.688591536388689,68,12133
0.40865597561449096,26,10338
0.3588238738855256,58,14519
0.0,33,9770
0.3549484631793175,82,12079
0.5664251529935943,45,12442
0.43129400492614456,59,9663
0.3878637784925,41,9404
0.6836556403605265,130,20605
0.6508515144819571,50,10577
0.4910868346887661,15,11451
0.27815234475538586,64,10789
0.5915308013237082,52,9846
0.589958350984238,243,24745
0.398414613670768,74,10446
0.3318054714002068,62,11810
0.5030358073658949,57,12455
0.5321040880479877,248,18070
0.5758879790872653,49,16633
0.6294417220867101,55,17472
0.5712855224619665,53,9370
0.6495070696105776,266,19058
0.6703175680099153,39,10071
0.7208342809036918,82,10547
0.7020103414290938,16,8462
