0.408351879373958,48,14317
0.2815689480293233,100,15618
0.5103846212303031,39,13392
0.28491575977168226,63,14918
0.20956440831655632,155,21630
0.19544689666390713,107,16226
0.18041473477571768,47,14263
0.439686160328864,86,15262
0.30871964374247407,80,17573
0.7400529175624186,56,15358
0.41506706665480964,130,16027
0.2523816643850657,61,14220
0.29563905408505586,58,13956
0.7115511109109619,42,13753
0.33939578249328206,41,12555
0.5207672690405447,20,17683
0.5031290045277127,69,17445
0.7460833670445391,78,14891
0.6179573232235445,173,16031
0.354951401605474,40,12615
0.6420258532461015,138,17783
0.3862569929514126,155,18070
0.6862759266769678,28,13567
0.4823853496799726,48,13212
0.45147288688918075,70,15777
0.518446531320992,45,16448
0.47999380356359944,48,13545
0.5104047793479204,46,13687
0.5374030216483907,102,15038
0.5550021785836132,49,16259
