0.4104279791512161,83,22295
0.40740595811099156,77,15721
0.28971792549263076,53,24394
0.3054025940374273,77,18270
0.45246736649850017,49,19436
0.32804521911552653,49,15319
0.3805709642498557,176,23744
0.5030572507649425,22,15357
0.43609167201218546,65,18390
0.37328054807808553,111,19649
0.3829241821214512,67,23015
0.4321593341305532,66,18989
0.4905376358627216,58,18277
0.41879544732996954,26,15034
0.41799212044976586,23,15527
0.38751393095345843,46,16459
0.3864475417906089,93,19793
0.45022358749312763,104,20627
0.3089990461910693,110,23650
0.3566563929630513,92,18272
0.35602734933703006,167,24865
0.4010839112736315,144,18715
0.3788278327550042,76,17288
0.44096769857551743,74,20500
0.3713282280068436,61,20723
0.35768373388109587,95,19387
0.33566874403459335,130,24391
0.35187825214016033,88,22414
0.4898040046957747,57,19401
0.41514481544625237,62,23001
