0.3306732359046852,34,16703
0.12235645846952137,71,17188
0.24963715768484385,129,20122
0.25524644280786024,104,19479
0.226698374857492,37,15288
0.4205399973962708,30,17237
0.33882990109936817,75,19784
0.39129650513201086,35,15144
0.15528605276710084,35,18947
0.2841962898491285,103,17858
0.3368596922980621,75,18838
0.09327306397021762,171,22438
0.46337157011136976,32,16359
0.42733135006883904,38,17230
0.32936117439837664,51,17218
0.30763894757647015,37,19115
0.47931866727201544,77,19264
0.24534430751067104,49,18070
0.19714771319635815,44,18651
0.4993928332187215,30,17837
0.3496914561513206,133,22212
0.18587123174972542,58,17281
0.2331255677213646,110,19469
0.36387913367140656,81,19400
0.3109380033539685,66,17366
0.14852211292716222,88,19760
0.18565279202822682,89,21296
0.28293039985731294,42,15996
0.32967010630233706,37,16922
0.33372696922507994,129,20221
