0.6878969675535074,36,1967944
0.7766159366277129,32,2048991
0.7244212643841713,25,2231328
0.7635278820908622,51,1661880
0.6578354309736016,51,1798985
0.7964164748003275,27,1652558
0.5858989114473196,51,1633862
0.7726960345606431,38,1614061
0.7527779552545689,15,1584338
0.7064213073249185,24,1606152
0.5827452024731946,40,1642735
0.5699657085601118,24,1587376
0.5725278360152293,31,1592498
0.7894238599501852,37,1572053
0.6287842107182164,54,1615583
0.6853390201305678,16,1635111
0.6977916020467836,27,1491671
0.725958180979061,33,1566119
0.7689897556566362,28,1546142
0.7120246540779391,17,1577995
0.7325575160064453,18,1574499
