0.6084753545376578,41,16498
0.0599312126127689,20,16934
0.4900297805567201,31,16950
0.5700051475653042,39,15161
0.007955436432827367,35,16004
0.043492822819854116,24,17810
0.11466146560129187,57,16733
0.009785301714685168,33,15719
0.6077713410668044,39,16306
0.5018962652504653,28,16046
0.0,9,16652
0.5556155546744959,6,16029
0.3018428776467855,48,18012
0.4643372242043292,38,15930
0.3047068947707232,92,17052
0.4188039979875391,28,16467
0.4633989440242555,47,17809
0.04128394019680892,20,18063
0.39938797630499767,60,19029
0.41643137345187475,80,17743
0.36033254485538313,46,17794
0.42593017989411264,34,17584
0.33234033993251566,86,20981
0.0,204,17361
0.6239544246548756,23,15373
0.6141185411989162,45,16957
0.5556155546744959,6,17882
0.0,121,18547
0.38456548111873523,61,19520
0.395225396555662,38,16536
