0.2352150841128854,107,21389
0.4196152465874883,26,16306
0.05769904352981614,53,20879
0.21782700139209554,105,18790
0.3611727396422857,187,24343
0.2980354527029635,28,16305
0.25126074338394677,254,31988
0.33493605671377147,25,14579
0.31190996025078066,57,18235
0.09387063499343895,37,16151
0.4734700130564674,33,20426
0.37615928665519527,36,15389
0.3290065666749815,48,16209
0.42573847016467337,27,17054
0.4110833908009939,42,15889
0.40776424994343585,26,18431
0.27133641604554926,78,19425
0.44800544718600455,78,19535
0.2907166506925426,47,18445
0.2737623450146416,35,23711
0.3760767405505818,44,18305
0.2016967041984895,72,17408
0.4770893561456967,50,17270
0.47980884884545916,31,16797
0.25918078161986213,50,16839
0.5377412803723818,65,16816
0.22820269646986313,71,18589
0.37894233967157764,59,20844
0.36689867802035925,27,16900
0.18781009399384352,32,17873
