0.9914386787622744,29,31756
0.9889958956324306,71,46919
0.9885050177275873,95,39846
0.9915764771537294,99,42698
0.9913052103418573,33,38815
0.997839352524854,39,41735
0.9876328735176909,39,40410
0.9815992557659975,114,40828
0.9876468560395358,107,43402
0.9878871457232277,89,38789
0.993887586598517,30,37568
0.9905187189802948,94,46435
0.9950312372618084,108,44182
0.9855015873591054,165,38059
0.9909530587877952,19,35593
0.9917441076527621,19,43766
0.9856829593005,54,35933
0.9911780124483917,12,37291
0.9953115902532534,8,36157
0.9899204869996653,57,37837
0.9870903515028108,41,34235
0.9916390413901444,29,35751
0.9871170875844336,38,33122
0.9918887978893148,31,36004
0.9904686837525322,178,44455
0.9936503854715018,127,47271
0.9908198676291899,75,40454
0.9913911923419438,26,34882
0.9932956373962853,50,32199
0.9941249799455646,78,39922
