0.22006341950745512,36,13351
0.4470398837534023,39,12922
0.4791888756153606,40,11855
0.28563597412881214,49,18077
0.19280910426202336,121,19289
0.5103134870754813,138,18868
0.36167195168196387,50,15411
0.5995405327722734,388,25100
0.4066143319504786,133,19264
0.3570086482701532,37,13180
0.4125471202688674,58,14259
0.4363069760885796,93,16841
0.24751139435258107,42,12592
0.28840110882578995,108,14525
0.2757469299722033,36,14507
0.10979447638891204,83,15981
0.35818439385743805,46,16655
0.41245117021911903,91,15380
0.28246645848375107,24,12966
0.3788923684547211,98,17547
0.0,17,13909
0.20647643498981372,90,15504
0.25364232172209944,69,13581
0.4434890554957309,114,18906
0.4533689092391623,82,17303
0.4108535749219244,48,14168
0.40192991978110826,64,18174
0.7114626616569122,99,17944
0.4558297039161051,49,13403
0.26749632284975045,62,14038
