0.11210936904733582,12,23079
0.045615287617461475,105,21516
0.06973284148826298,27,21739
0.2055336787280767,178,24325
0.07716067172391605,101,21901
0.12441940421717668,37,21453
0.09996552790653568,106,22721
0.026584158477590547,36,21012
0.20759494419632063,18,26087
0.08814595406876391,28,21446
0.12055510833877003,54,22010
0.1020877709697372,17,20695
0.19662525557293986,101,22420
0.02223530041479549,19,21022
0.12139433097648455,70,23066
0.10662232961623852,34,20722
0.3157940043460714,101,23373
0.08548512631662997,54,20419
0.2387693029789314,58,21311
0.19602133000119448,16,21288
0.030483392103024642,51,22843
0.08305614866774325,125,26028
0.13317542658967152,34,20542
0.1310345288389213,34,20556
0.047039863587877595,31,21114
0.18703136371559814,47,21350
0.08683860912961294,26,21487
0.1020877709697372,17,22124
0.0,19,23083
0.18296814118696514,51,20935
