0.0,11,22857
0.309658154939612,19,21323
0.24573646561658546,104,23550
0.34734259577775084,29,22020
0.4235374561085544,9,20754
0.11404503241119779,32,23610
0.0,8,20863
0.19103205750663088,52,21548
0.18653938079443977,43,22421
0.42091544943016523,59,22178
0.0,8,22605
0.5212625332870604,30,21627
0.051988684043482114,39,21436
0.4068440435959918,87,21989
0.4230552439835368,27,19125
0.0,9,20479
0.23810492776383418,38,21134
0.10748290129974047,16,21827
0.45845685777289447,25,19874
0.1735535018423675,26,21037
0.15552336680457857,9,21394
0.2876601261026851,18,22930
0.0474218823500242,26,21555
0.16317982765973849,94,23359
0.4233697759404832,20,20907
0.0,11,21066
0.27608028134954454,36,22069
0.0,8,22363
0.0,11,20718
0.28809226565019574,55,21275
