0.984727835163231,20,2031049
0.9830156482079204,44,2382683
0.959633865010459,37,1589528
0.9739001454534489,50,1599582
0.9765011313067125,73,1603860
0.9785419100684416,24,1599363
0.9888341486509151,44,1604842
0.9908695205460335,49,1613490
0.983138263388029,28,1621789
0.9842883408965729,29,1590411
0.9912102583147955,32,1597288
0.9947198749137821,60,1587809
0.973652745259176,93,1594706
0.9897606658339366,25,1621521
0.9943590931210302,149,1568992
0.9346382656261262,29,1608288
0.9960929822013969,202,1612048
0.9964310789275995,30,1581644
0.9929888371331235,36,1591430
