0.0976181679372291,48,19118
0.9387115378253278,238,29686
0.9276643689598809,42,16098
0.9455721282238508,83,16141
0.25444288755055233,41,17397
0.5806442603248241,65,17783
0.9233625432402702,120,21201
0.0,75,16171
0.6611666428214278,64,18206
0.877849479410881,135,21143
0.7603047462888423,30,31379
0.9564475429093612,23,16899
0.8381627274857053,42,16826
0.5539695200291652,18,17010
0.9617441955618888,53,16388
0.04489556935154437,98,21164
0.9004200273998303,20,16016
0.9135432599480187,154,24013
0.15597400907952885,39,17590
0.18484853770398768,51,19005
0.8550937360412619,33,16126
0.841058418407478,38,18146
0.43500344782086797,28,18077
0.7341923687171497,43,20009
0.8968646427724629,162,29043
0.870655113139756,37,15479
0.5369091554016843,124,22380
0.9650748946693825,32,15757
0.08328883701523992,23,16337
0.04181139986871574,30,18617
