0.16566071692502315,67,20097
0.07328962842585718,48,17233
0.19985529463455098,16,16209
0.11026916276182064,33,16544
0.07275690274057345,41,17275
0.16442641612969877,21,16530
0.033448695133960205,106,21762
0.12758709120137446,42,16977
0.07122004331806431,29,17860
0.07224102099597107,22,16513
0.124201301216469,43,21213
0.013468772213248159,106,20739
0.3375729665264172,14,17727
0.07585736745041094,41,21088
0.055897177666527464,59,17108
0.14333897442084653,34,17056
0.0760730394330047,29,18476
0.14086434502724243,41,18179
0.13752619542235234,76,18299
0.15053043682827028,14,16217
0.2921736388573575,26,16937
0.15027868990294446,24,15771
0.10021926095882727,50,19497
0.1033685840192935,58,18827
0.07896040237692159,65,17188
0.15067259524642307,75,17802
0.10993247537766127,125,22379
0.1141875450601838,25,17635
0.19023233132178874,36,16982
0.07635438129123673,60,17969
