0.11133862857819976,92,17344
0.5004550382922233,55,15690
0.06372707549001944,43,15347
0.46456955047503423,42,14097
0.14450570478488667,40,14481
0.1218177734917254,33,16926
0.2883096185614874,48,16148
0.3113989292388658,33,14558
0.3126824765446993,139,17919
0.15953397030175942,33,14249
0.21939279597311823,57,16356
0.28995525954425194,57,14847
0.299106786111933,74,16554
0.33466957537169384,53,13180
0.31690650701978185,14,12700
0.6372940197937611,37,14279
0.41080606679670084,181,19360
0.22991183171820173,79,14462
0.26280148364005773,59,14077
0.5688353508061328,70,15611
0.5656662834494018,134,18988
0.33443310051772146,31,13854
0.3682937904974356,59,15153
0.0,28,13488
0.5244042701749436,51,13330
0.0,11,17663
0.281527575947885,68,14064
0.32446748691059324,155,21388
0.2033425392747713,46,15001
0.4223529667889838,39,13829
