0.9516620381709726,54,1989408
0.9279398697383496,59,2258394
0.9563364386130238,62,1623534
0.9562514562180722,52,1653131
0.9551968978352117,40,1605326
0.9323765346369538,148,1582608
0.9343904938914236,189,1581792
0.9431980090895223,78,1593104
0.9495610674038043,67,1593430
0.963075359383324,35,1580804
0.9665065432138945,33,1620733
0.8848982395098166,38,1582606
0.9302727375000294,59,1596467
0.9645617360192027,91,1641248
0.8509438896788591,78,1542718
0.9645059398666094,91,1561753
0.9519373528958067,68,1581791
0.9467460870041534,44,1570159
0.9396722766670337,85,1584263
