0.9461156789309324,101,42525
0.9630255783393301,40,66809
0.9650592466698421,30,67067
0.9611735948382291,75,57840
0.942343986692068,86,91775
0.9728695500890947,52,91793
0.9641155751811152,72,74867
0.9674873809821428,217,81973
0.9271243651286631,177,41634
0.9702538268471221,42,51716
0.9573771475755766,117,83065
0.9601460939752263,237,49160
0.9549612403964604,196,105892
0.9484133679039993,85,37455
0.9648703143528243,82,63736
0.9616050971201755,294,48946
0.9780702069094537,82,64258
0.9652642826006412,37,59210
0.9658033030527506,35,73486
0.9621473910934764,207,91602
0.9675104396509392,21,88867
0.9655314388891435,57,83645
0.9524229226063777,215,92447
0.9653680868585085,76,50973
0.9744664960357935,18,86226
0.9641632927487952,189,63340
0.9652315712873104,80,54384
0.9503220654996754,93,85079
0.9560730115804106,483,62460
0.96397147795903,107,58675
