0.9743373598548494,63,14407
0.9778044916531824,91,15667
0.9792442891893156,46,11422
0.9391771902564593,163,20411
0.9716748400676263,90,13626
0.9739500840970126,119,13265
0.9756111232238766,114,16522
0.97811212674809,176,15269
0.991002544978913,151,16669
0.9652239224897037,143,17094
0.9676488941579912,323,23674
0.9430229714067173,136,16801
0.977243437714635,166,14357
0.9815207853583837,63,12780
0.9801978884236389,43,10687
0.9925726841086077,35,10700
0.9750637515084646,185,17098
0.984460766597133,107,15443
0.978605726492248,123,15612
0.9915193475967881,76,16155
0.9823871596963811,54,12939
0.9705046614154195,279,19390
0.9883384112446474,62,12965
0.9774969714987878,55,11281
0.9682561601553542,45,11127
0.9635602752276852,110,13803
0.9804063303990516,79,14955
0.9490049395096694,239,17389
0.9746117511513512,119,13027
0.9720354322734062,71,12489
