0.3103419887526383,15,22956
0.041098903714937074,48,19798
0.2806870657497833,55,20500
0.10598388766497735,33,20902
0.13660846317513564,48,20875
0.0,9,21635
0.17207502323212265,29,21593
0.06062050409790021,26,20758
0.29152410707201026,23,22041
0.16113712283803006,31,21415
0.0,29,21463
0.048370107015896835,39,22527
0.1732818705576885,45,22283
0.0,10,22912
0.20770064369978636,49,22881
0.2968845516689711,59,21477
0.3162512903996897,50,22507
0.0896292337498612,53,22577
0.100150895703503,33,20095
0.0,9,20337
0.0,20,19749
0.04525649586520808,34,20122
0.16541178016103208,58,24259
0.05369708649369098,46,21705
0.2463356937711242,36,19536
0.0,9,21503
0.14246070439176461,34,21415
0.04748945005619987,23,21168
0.13309491046586508,73,22042
0.11275625321991534,25,21833
