0.16210094462854718,93,17735
0.40103019997218436,24,18697
0.39911605681906215,69,17277
0.3712324646234636,71,14605
0.5823548038795363,32,15588
0.18944985784333457,50,15313
0.08593353310244556,246,24235
0.37764996750571533,33,14341
0.261183659816713,44,15819
0.375350488469812,56,16554
0.13080489028699782,48,16713
0.4402307594171406,50,16247
0.6866604901025563,29,15900
0.32840241424306715,73,15250
0.16951307534192306,79,18168
0.25182582779685436,79,18563
0.21684710834953835,130,19248
0.4939736738760033,135,19223
0.31212640177191664,214,24387
0.24860756349270952,23,18260
0.29109085342926033,85,19840
0.2555320781629262,90,20095
0.30629025722212233,28,15586
0.4868746539559322,117,20266
0.4027643299789797,26,15048
0.2756762154973128,64,16508
1.5543122344752192E-15,21,15607
0.32999944559808836,31,14778
0.589298115995661,59,15914
0.4393580023039303,55,16425
