0.10856107461322662,51,18224
0.3029845097582259,28,19836
0.1796792405431803,18,19870
0.24963961681540525,38,21369
0.4103453680962812,22,19717
0.21997549666599336,26,20671
0.31359071584743636,35,20602
0.09345161431629068,102,24623
0.3312308207254634,35,21108
0.3728075637678736,27,20653
0.35342310872966454,21,19337
0.1437905480382139,31,19345
0.19521838568282612,49,21058
0.22165569287300202,65,21060
0.26921709317762876,32,20453
0.0,17,19089
0.3582937141346444,24,19118
0.1948976424472847,43,20407
0.22127747654522611,32,19814
0.054765844099756045,42,20037
0.24654345835554292,35,19984
0.0,34,20689
0.11783811001905709,58,20059
0.0,15,22029
0.3232414597476335,44,20486
0.3069934450569344,53,22121
0.1329947057203048,26,19801
0.4220233601732021,25,20100
0.19376205200671337,42,21156
0.3156320174841053,21,19691
