0.05617867658739939,13,17703
0.09956330454090045,15,19379
0.40783866243322364,6,18241
0.12110461824486007,19,20984
0.09379980962115586,14,18615
0.022336867004139282,23,19798
0.05728980746262735,22,20484
0.023507801372553483,19,18843
0.09784160491344729,14,19332
0.2302452166848069,21,19670
0.025927177950758273,21,20669
0.07452618438044545,14,19393
0.01829478573463239,19,19961
0.14148980089040153,15,20346
0.044086930171749694,20,19839
0.11347458808805022,21,20169
0.0314410512010842,18,19094
0.22570826242009046,8,19025
0.057535852756007366,28,19812
0.03095874031317214,20,18791
0.02997504251668892,19,18556
0.06549901757516619,30,19601
0.028788107050684908,18,19125
0.2494434009370612,19,19240
0.20998352821285005,28,20074
0.34500644043688955,9,20441
0.05169084003310587,15,19854
0.09708289954241878,14,19034
0.03607017591611894,20,19227
0.03851921232889555,18,19285
