0.3899516721694857,32,100875
0.0672579698830279,28,32843
0.10176673191176855,157,49505
0.1318431651312728,7,32444
0.4029815147532131,27,200178
0.5171198878336742,43,84497
0.48765644560698584,6,97127
0.35246701065883,45,34679
0.06656265812187323,57,44413
0.1318431651312728,9,43493
0.44571656196019394,31,59627
0.3921045283491257,16,44341
0.1318431651312728,7,40515
0.1318431651312728,7,56820
0.1318431651312728,7,39239
0.25083155650759337,40,36407
0.013107537757036547,28,31591
0.1318431651312728,7,30249
0.1318431651312728,7,30738
0.32213334507885083,35,51692
0.42318394666542836,81,52768
0.44975698885683835,49,38798
0.379354534483465,54,29287
0.2562512299263814,93,36378
0.1318431651312728,7,51076
0.1318431651312728,7,45370
0.1318431651312728,7,59624
0.26181748166991436,30,41572
0.06066261237480064,84,36825
0.1318431651312728,7,60857
