0.6304706573874199,54,31311
0.27049181616160056,30,26656
0.9423237817674918,83,28748
0.7494910433136894,36,44290
0.8630939952399574,122,34729
0.8807654865910963,30,35724
0.9579652633495696,23,67279
0.45872020164254335,49,31552
0.9113275530604088,448,46601
0.6448537822703264,40,27250
0.1869126567768883,49,61373
0.47543750079323266,55,28692
0.9696371788953047,44,26361
0.9479271084355907,28,30603
0.38073923355757955,65,28289
0.9680295119434075,127,34146
0.9134561011621988,48,30711
0.6060414214556381,118,34991
0.6060429705298548,49,41871
0.9411134862911852,81,44370
0.7326913695234365,62,36005
0.9529558195580112,298,45283
0.7796787339202025,50,29251
0.9200957789776596,115,49864
0.47668312084593834,43,28768
0.9408702011556307,10,45012
0.9453563492241609,27,55439
0.8840299072422517,53,31996
0.9541673317558012,45,44935
0.8760178753350985,103,30949
