0.9911697347179981,440,40623
0.9878813705918214,187,32426
0.9940310018397196,32,31002
0.9876119872388981,99,25504
0.9889058394533041,94,33103
0.985802521453975,196,43505
0.9844910540084623,51,26194
0.9862002059938552,333,45131
0.982724530160294,134,38494
0.982948535255812,75,24043
0.997104881430712,117,31323
0.983743481866129,184,30873
0.9914671287376358,121,33041
0.9806805143517826,69,41968
0.9772135083687017,118,25922
0.9887641789165221,156,29919
0.9925776432350086,273,46596
0.9694673539252038,480,44614
0.9816699456700165,102,28806
0.9960850748899905,33,26276
0.9931560637056763,242,32714
0.9969514441325251,29,26570
0.9904678465290699,285,33321
0.979775534438467,227,37168
0.9758971251080765,131,35069
0.9924643402272577,345,32068
0.9969856163074398,167,27467
0.9890929204720743,216,38852
0.9852429152342673,138,26523
0.9810586169584599,159,28224
