0.05094117981148083,27,1982189
0.01441023471180114,67,2196246
0.05012370243634945,25,1603345
0.07736634778428408,20,1677109
0.07665947300666376,28,1581820
0.07487612420244905,19,1565001
0.061447126848526046,28,1625670
0.05042779162117239,31,1590061
0.06149474423826984,35,1601444
0.05427840569902587,24,1636833
0.06150030604107526,39,1603115
0.07582262993068911,20,1588495
0.07624386781214865,35,1667065
0.0647726921652142,59,1648193
0.045982227005353815,38,1530664
0.011025023790611765,35,1563197
0.05115009354064648,30,1699819
0.028602476630173457,33,1582126
0.0709187696264798,16,1582296
