0.47786137971850984,252,33133
0.3527974328542459,65,22222
0.6628797790704193,163,28388
0.730210713439513,212,27712
0.3685718241020647,50,19747
0.28761980100789275,86,24251
0.40217568344880095,137,24927
0.5502501670956623,90,22219
0.26996202465587604,138,25297
0.695944020952318,31,19410
0.1971139850243555,130,26622
0.668040780733522,416,42236
0.4424148699616871,56,21825
0.39453512221329734,68,24502
0.4414217744834865,83,26709
0.32140060276132976,114,21161
0.5318259495627036,35,18850
0.2717630949847071,55,21192
0.26735356814263334,68,24742
0.2439552368788318,221,25045
0.5431525574561731,243,29513
0.5919413641318212,69,25039
0.20942380120830828,166,26720
0.3841607452612673,158,21629
0.28593103026028277,88,24933
0.429530336106661,50,28407
0.37197140226102954,71,23779
0.2831108085741604,52,25488
0.5419430976818946,85,20866
0.5700133152018619,92,24652
