0.9860115470520493,33,2037599
0.9737464013444885,39,2314787
0.9824071569278993,38,1596271
0.9609595682144256,80,1605012
0.9463326018383428,63,1615010
0.9823896595190986,28,1600539
0.9631744584157195,59,1600020
0.9791097795586722,62,1599401
0.9833896554302358,24,1585300
0.9829318356251293,23,1594663
0.9732285100912644,81,1621226
0.9720189231719856,122,1594285
0.982004590324989,45,1615772
0.9797459794906258,36,1621560
0.9357064730271755,71,1548858
0.9797516132086362,57,1591451
0.9790757950920108,40,1588859
0.9887706312381503,26,1603287
