0.24501164049426838,22,16261
0.31751711761312373,54,16299
0.29821345465854165,75,17582
0.20795899348818314,264,17217
0.22800511570650717,52,17815
0.301613397219489,69,19442
0.0,36,16196
0.17740798953242565,41,15624
0.26079454097943944,21,15282
0.3037626988193166,34,16211
0.1326880881244883,112,18547
0.1617344699216352,56,17983
0.33150161627090813,124,20083
0.0898228998593813,79,17593
0.0,48,15253
0.2786963578582887,31,15156
0.17789984703913098,64,17828
0.20154117610172273,40,16433
0.3311070933015471,96,18404
0.29173768043302284,40,15740
0.07109096294335338,60,17492
0.116156243043126,51,16975
0.0,13,23020
0.10314175619845933,40,16219
0.31843657591166097,30,16459
0.3133004225507141,110,18938
0.33320554519184,37,15657
0.26886835193374736,71,18441
0.26189438905398377,79,16318
0.0,17,16486
