0.09466156224019173,28,16136
0.031433227177767864,154,19610
0.061673651911369975,25,15322
0.07487032943246996,50,16292
0.02890436334254365,49,15711
0.07954919847464614,56,21024
0.03166493933962988,30,15669
0.04528702963400866,65,16038
0.04217117415964622,38,15517
0.04921737907457446,72,16454
0.12429300936635646,167,22321
0.03646387385251926,50,19602
0.03999626119310684,27,15565
0.04560050688971007,32,15700
0.06786040452918618,36,15049
0.2113600866092028,19,13864
0.03323651297895924,29,15408
0.06331309301011401,39,15566
0.029277169562073047,41,15979
0.17918695755669645,21,18705
0.07098011383064073,48,16328
0.07976009203237255,44,15784
0.04694379734325005,54,16839
0.20904425247328584,121,19793
0.03028507982840878,105,21830
0.06117283181535793,70,18817
0.11175002817689716,165,28935
0.04427334216124634,55,17446
0.022556676763843875,62,18070
0.11210936904733582,12,15605
