0.5896778013452588,68,21474
0.36166734080925,84,17172
0.16918346189405808,131,23237
0.4653257515317525,41,17458
0.26869605674230024,105,18318
0.1318431651312728,7,16727
0.4528085231422282,40,18838
0.42608824675421464,56,19191
0.3025280559807506,126,22661
0.033595301154633495,12,15346
0.08876257202128435,23,17033
0.5166535175066245,17,14351
0.2453367532939118,99,20283
0.3814295324384347,8,18320
0.42602063492859843,32,16150
0.08874577508567627,28,18689
0.3871389760233219,29,15293
0.4020073047340742,56,16618
0.3033116551046483,50,17134
0.5654652782455926,34,14599
0.39386291063337064,84,17844
0.3985046526196693,94,20195
0.4750402647642118,33,18097
0.09640518927615338,55,17966
0.22236384832172718,10,15601
0.5992552713537204,97,16142
0.4511358189356023,59,16552
0.6560869341366409,33,16228
0.48299504440770236,93,21110
0.3157686802896278,49,17044
