0.6324113460688682,98,15543
0.7276158013364675,177,18623
0.7411157842628814,29,10877
0.7346702776366308,41,12307
0.7608149432301416,38,11264
0.8167375114305622,25,11528
0.7785093548876754,39,11352
0.6718488467593842,58,12049
0.5849644462458554,238,19452
0.786122971950578,38,10760
0.7179951060071611,50,10781
0.7075220128248607,27,10715
0.7435290159235632,43,11726
0.7400262978233035,54,11998
0.7911585644086512,25,9584
0.8996411253356398,37,10185
0.8978627307562023,26,10507
0.8950762510800322,34,10986
0.7957105574695587,53,13034
0.7801211365709806,53,13423
0.870744556858208,18,9944
0.7837208581384734,29,11397
0.7324278517274092,36,14633
0.7768195210509159,49,10821
0.8353381522005046,39,12821
0.6849199455362968,30,10682
0.7233550830427091,39,11395
0.7647845759801929,20,8487
0.7496466110607052,83,12756
0.8838245388348872,30,11292
