0.1767237936083761,90,14091
0.5017895450778891,88,15743
0.3049665593697025,49,11566
0.3711070197532962,51,14019
0.41094870153390295,67,12312
0.4029190869550846,30,15405
0.39564321470513186,110,14028
0.40935260385699923,13,12799
1.5543122344752192E-15,32,9746
0.512322330929211,67,12676
0.43090874811982083,41,12132
0.1826006908014981,55,12230
0.5490703409397903,28,11007
0.18241865633519694,97,13470
0.42454756387399006,48,10781
0.4653743757179014,98,12776
0.45108390362242345,51,12872
0.49290676681885415,33,11799
0.4618778246463555,80,13615
0.15437540452932508,38,11398
0.413027574181028,146,16731
0.3575184426652547,44,11917
0.6445459442782328,77,12751
0.48217370702471707,42,12719
0.5309611357002031,77,11616
0.39344646464078314,69,13260
0.25128415535877335,40,12131
0.524742861417703,68,13822
0.25047400856402935,55,11986
0.40116240318143037,38,9131
