0.5997937320520415,57,1996163
0.060410811621104066,22,2054102
0.401747814954139,38,2240514
0.8398960301633556,34,1580622
0.880480451259989,32,1579486
0.0693768788933814,17,1575576
0.8370509545170322,28,1579008
0.957695820987605,28,1651742
0.8365972226573635,59,1593895
0.030604643743235016,20,1595826
0.9330886907437347,49,1658843
0.1183076564707447,40,1602548
0.8496878365908431,24,1579046
0.9338654816415628,28,1599326
0.11339587100691051,26,1627386
0.028211754855899662,20,1613935
0.13694676291060348,21,1509066
0.6999087957920644,30,1586531
0.8903762700393187,52,1536331
0.6870516944372926,101,1582005
0.15404574600956833,63,1574883
