0.04449867056215806,29,11386
0.06820442901727108,33,11405
0.0037859266621532717,40,11022
0.18188928296437734,136,19603
0.10659931781328025,32,11478
0.028625174990691726,22,8772
0.012439433021537938,19,10243
0.0750979031128367,47,11735
0.018549234833199812,32,10293
0.0371386534413477,70,10686
0.06670471942763045,32,9391
0.01906347019518151,25,9977
0.02001264955096882,35,11632
0.019769477072961728,20,10373
0.02360673725888396,27,9323
0.1592573987079301,71,11914
0.04091617239897072,55,13564
0.2596471276282105,34,11628
0.0815178848393282,51,10452
0.12439988565306836,24,11122
0.04899047380486388,41,11453
0.01444196960502342,25,11166
0.0704916853878379,39,11046
0.01857535049519432,41,10846
0.2953360807865104,43,11703
0.04163458605178738,74,15052
0.023393214751563085,39,11277
0.06326609936704086,23,10528
0.03140271642514891,43,12527
0.010909478506711645,133,15937
