0.44529918869908913,65,36298
0.6018408386274384,144,47014
0.3637552264629538,31,36483
0.5222422744588175,27,67883
0.40033416793392984,45,33245
0.48036555759144683,50,39065
0.5221902603067887,53,43155
0.16886947846821887,49,69390
0.38534806602341287,60,38159
0.3092767138555569,100,38736
0.368564372225465,122,40822
0.4408100828617817,17,31249
0.5109291566834437,73,37549
0.44146706323380247,93,39391
0.5557006522413088,60,43988
0.4800212049004071,114,36876
0.40935260385699923,14,48605
0.4905640071602573,60,42257
0.4498414376979346,101,37135
0.3332281735340894,63,45234
0.5211253626870713,39,42029
0.35008313074026565,213,47595
0.5490894529644224,45,38849
0.5867912601022585,63,43668
0.2851961971142193,197,48832
0.4585378003137487,31,82275
0.5816810269816141,33,40121
0.46970010263883766,47,36055
0.5356063454323057,68,37176
0.4511203287024631,214,40489
