0.9859324707827759,44,21392
0.9911749139311594,121,28083
0.9901678847128723,74,26043
0.980029110601425,145,28735
0.9845607937457214,67,24931
0.988901461036431,63,21193
0.9981235914661528,41,18322
0.9921144900452948,120,28074
0.9622985691045605,94,25499
0.9926080234234314,89,24285
0.9949494095760119,232,36795
0.9914278759092152,45,22460
0.9896168439448032,57,28336
0.9923080446542373,79,26900
0.9814619362287459,155,28318
0.9926967740847781,245,40297
0.9800081197529417,131,24165
0.991283890754748,89,26865
0.9942875544162478,105,30446
0.9927724098692865,157,30049
0.9841567510641672,136,36806
0.9579866154381674,81,24603
0.982158539482934,114,26885
0.9941957402312254,128,30922
0.9906328309723386,149,32428
0.9931159737607576,67,25490
0.9908880446893419,47,18710
0.9860648007181437,78,21593
0.9931526577095093,131,26939
0.9962473263670882,83,24387
