0.052730079745434644,20,15254
0.13963423930383012,28,15967
0.01730645008946141,43,15850
0.14931757520001976,24,16306
0.10059677096685804,29,15805
0.01346633125348462,17,15355
0.0288793501360477,20,15657
0.15519758633199365,111,20946
0.026736759144155964,32,16703
0.10706722849135031,9,15401
0.13028328941319078,66,19630
0.010059875834336207,32,15494
0.022635326397288602,53,15277
0.05849525489560914,17,16283
0.3164461683957297,23,15785
0.04485475538612538,41,16278
0.07856600898742494,22,16051
0.06931846841939748,63,15766
0.15892028269322922,16,17267
0.019258430416884353,24,14973
0.07824050584497022,81,18128
0.063986047058876,80,19201
0.0145058502836104,21,17683
0.04411700685135711,19,15670
0.0385131322445319,17,15731
0.03249258320464443,17,15761
0.06583790070140916,56,18065
0.10706722849135031,9,15385
0.015560213183849592,79,17575
0.03809736524786955,14,16050
