0.16681910764377073,31,17979
0.8664236799263234,76,20556
0.9411242995020158,141,25032
0.5914021414546691,91,18993
0.6349308311351914,62,21142
0.5573057368984974,46,19210
0.8022013609063191,117,25954
0.8546325859190519,131,28065
0.8342869744166721,33,19152
0.9415221534928929,102,22790
0.9579590603672541,364,40207
0.4901790274227764,31,19136
0.04037572235786324,49,20231
0.9554015818431421,47,19031
0.8590178595430924,38,18708
0.04224648814135412,40,20689
0.55233470137771,76,18663
0.5786289279251347,154,28411
0.29908622469724777,28,23922
0.852793825431162,37,19948
0.18704619884195806,43,49743
0.022000465346785347,37,21759
0.8607450283806908,94,24752
0.03144579247232393,27,19393
0.8492234738683595,39,19963
0.5004399817523864,39,18388
0.1781280975760422,36,17088
0.594713817935603,24,18532
0.8784434933304919,110,24394
0.08233167237497008,39,18317
