0.9453774354097123,76,11994
0.9701703602850127,82,13894
0.9391677448994308,191,16570
0.9488288443458376,102,14875
0.9646377747009937,40,11456
0.9020491087532739,225,20847
0.9450070089569998,66,13289
0.8202703719319238,112,14802
0.9537257133517788,116,12982
0.947517884057812,111,11283
0.9533395366671655,165,13978
0.9118902134795424,183,15374
0.9445496132841054,87,12199
0.9541902897231803,34,9998
0.896841005644716,132,15171
0.9358788452886618,109,14673
0.940277429153567,159,16791
0.9294510587917849,127,15383
0.9480456702731707,138,17994
0.9180863013868638,95,17514
0.9580680112147089,49,11445
0.9491000504924738,374,27254
0.8476625059032219,69,12865
0.95908994229079,61,12141
0.9102156875434662,109,14618
0.9458686229914601,199,18761
0.9678240456424124,135,15155
0.954254574517053,60,12171
0.9592002696211398,122,16178
0.9461700253591036,79,12832
