0.1318431651312728,7,56828
0.48765644560698584,6,54457
0.0960322105350605,43,47971
0.1944671874996532,86,70927
0.3531682095076625,79,60685
0.3623993171275388,86,61160
0.1318431651312728,7,87619
0.5395432415416243,108,51245
0.14316854320448913,37,53787
0.3671017556476367,42,113329
0.41209166634277583,63,59368
0.11574666563288405,26,39177
0.3232633116339093,108,63394
0.479390406213381,35,65844
0.09232164806958232,115,53665
0.03725839153983601,47,50056
0.20141715578948394,19,68413
0.37078198660841566,29,74606
0.1781047182082801,48,55866
0.4810344169201797,34,57939
0.42098930081360075,39,40870
0.0,9,57759
0.0,15,62035
0.0,7,51015
0.6020873634469446,123,50394
0.0,7,57031
0.1318431651312728,7,79818
0.5556155546744959,6,84540
0.13184316513127248,9,55368
0.3814295324384347,8,55876
