0.07955672803792191,39,20410
0.1538077866191213,56,19957
0.028832685738841013,56,21004
0.03640682634771475,34,18631
0.08583120904715613,19,20332
0.11759744807975714,52,19516
0.11312010711668097,58,20285
0.1105425877326055,24,19829
0.13324185734466742,38,19735
0.043450783423226835,118,20596
0.07119251226208112,24,19298
0.0877362791460774,23,21723
0.03902727090647817,45,18322
0.09162867289682786,19,21033
0.07615533461684121,53,19538
0.07720629561436265,43,19620
0.030011530457783486,48,20429
0.08145798836117468,21,19036
0.23621169416799237,278,20538
0.11339081630762171,19,18240
0.18585219224159155,103,20885
0.2287293443597308,14,19820
0.04148444678497554,27,18970
0.09080377871164125,29,19155
0.1014342516915081,82,21601
0.06678430540957225,54,19828
0.06453279751281948,27,19934
0.14832522247479651,117,22882
0.08336346350898127,22,20018
0.24183768574368936,37,23108
