0.22834687263783093,22,17643
0.17475857951666507,304,26160
0.30131792462367324,74,21021
0.3207658702165793,27,18420
0.13105210144464918,38,18305
0.34001761579208145,90,18284
0.28538513624138695,46,15944
0.18719402086054304,39,19235
0.20037687721510788,122,20282
0.46201747942283333,65,19914
0.2878255397191821,27,18216
0.285162140124788,42,19816
0.13242925036572195,48,19930
0.39283810146933507,36,18074
0.04551897737826194,245,27958
0.10662045254867869,47,17403
0.0,58,17945
0.35396245567388207,51,19464
0.23266306482724808,65,20393
0.4142370568024155,45,17383
0.2365489171384848,56,19733
0.24438794906491035,39,19934
0.17002316010548058,28,25290
0.1514280297368108,42,18098
0.08265439057468094,44,17667
0.3042032741007408,53,18593
0.658176618252629,99,19625
0.16929635318231784,77,19964
0.33953813890072404,43,20798
0.4582519088087099,45,18903
