0.9621592473022073,86,32947
0.9667189562074273,100,31368
0.9848319270060745,71,41552
0.9705157859988649,108,40591
0.9753898518153814,85,36504
0.9892483257386937,220,49808
0.9951887707184695,43,28666
0.9944571251978731,250,51764
0.9943397210359695,57,28797
0.9909715362254112,46,60370
0.9798511332787452,156,39727
0.9752492254218802,172,43272
0.9858528810430188,54,33429
0.9879039333924436,261,52732
0.9912568828050443,174,35606
0.9917226999615524,132,50105
0.9942252982819421,263,52912
0.9886223475229134,42,31704
0.9905918732404618,206,39418
0.957415432511544,63,28098
0.9863918861896015,49,27615
0.990428345249915,50,43798
0.9901200798825751,44,32172
0.9740936530839401,106,39518
0.9687940527718054,77,38577
0.9922194648209393,319,50355
0.9951804087815639,220,54809
0.9702779405205068,132,45821
0.9834812200741256,167,35580
0.9905788505835457,252,44122
