0.22134561228285365,148,17135
0.36881270219988627,20,13659
0.0757776409464348,71,17899
0.36815638522653094,311,25433
0.29664914519810515,39,13717
0.3369188564407193,44,13301
0.1757561120096489,89,16792
0.2612970504690387,311,19407
0.35191044546163863,71,16913
0.37251476664994965,44,14510
0.2408518927212182,153,21280
0.36429510437433243,28,13506
0.35753965311736524,110,18605
0.16781920637626768,53,14262
0.30449972753390264,185,21894
0.3782239658142862,24,13541
0.3313473102141491,138,18050
0.38996872965218865,17,12584
0.3610671344728579,113,17098
0.30190086912746494,119,16954
0.4151080534668039,51,14997
0.428635433135964,40,13900
0.35717892833813425,40,15549
0.3021959317769297,96,16625
0.38444344738622316,35,13067
0.24341264079427094,91,17065
0.3871521851523386,76,17154
0.38369233173088546,29,13460
0.1987279026793719,55,17721
0.32331354324297146,152,20613
