0.22841138772802994,60,24666
0.44659390575946656,78,23497
0.3448652708874944,76,25430
0.16106765743113283,34,21650
0.4040303791057718,25,22049
0.2821129325565189,44,21957
0.20639215884835027,28,21133
0.11797094962389876,53,23626
0.39410251880270264,34,23587
0.3115363919699814,108,23250
0.4301910071022401,40,21108
0.289507770654866,79,24094
0.24523067518192998,32,22701
0.27963322797694934,112,26348
0.44697578424191253,21,20784
0.333569479673805,36,20841
0.4191408757207169,83,24599
0.4579356131757567,22,21546
0.2855574079584088,41,22738
0.4611376561756203,29,21748
0.20174253605348802,32,22171
0.5207272444970126,43,21898
0.23323912244439382,37,20735
0.2027647478203547,43,21696
0.3637052163271227,31,21697
0.4022399804449862,50,21956
0.3331167470329346,49,23158
0.32661926632721394,40,22679
0.41135681193258256,56,21693
0.29032377111505536,28,22980
