0.9920642345025246,35,37685
0.9953930878141631,45,34617
0.9895707405980413,31,32919
0.9891009661248877,74,35631
0.9933937879592747,49,34532
0.9945157806248015,71,36476
0.9956637158354162,10,35079
0.990963879305884,58,34830
0.9902705485845317,34,33148
0.989708038417002,22,32090
0.9877655145622419,28,33594
0.9944340006861402,112,35392
0.9974092805663667,204,40556
0.990468512169899,82,37201
0.9914671484981713,48,36576
0.9946738369841227,185,40795
0.9953687658650253,22,31516
0.9819448737028195,63,34787
0.9619601928494469,106,37105
0.9897383975995679,88,35074
0.9952967866041261,55,32777
0.9899156503292437,84,36251
0.9800707954528546,87,41954
0.9920387310476456,18,39260
0.9941975937640037,57,33498
0.9888753762386648,28,31464
0.9931639522080222,35,31450
0.9906208285295497,12,32969
0.9901213101369564,37,40275
0.9912224479222395,22,37536
