0.3028132615894472,75,63191
0.18333625197794567,74,130511
0.10672083617481565,24,45023
0.07648736734165174,49,56289
0.3265174920714057,52,79420
0.4470074953402694,42,102668
0.5066823537161378,23,45808
0.38152683963823575,21,49398
0.3833876303739484,10,65929
0.3294601824612955,111,55099
0.06948305206943617,27,61649
0.0,13,38830
0.24101396139484188,137,75339
0.24593749820240007,202,60429
0.06682808877163382,76,68500
0.519498031275361,166,67034
0.41884799820534924,61,56561
0.2724616832488965,153,56755
0.4617624301160205,31,66165
0.34514183478179794,13,82738
0.4933491805881499,57,98731
0.38284841170533135,71,51152
0.31551835220046076,35,54502
0.48259935577805624,75,64664
0.21908485551393764,78,62062
0.43553357988348484,24,78126
0.4637504635313989,50,55555
0.47184052569281076,80,56436
0.3578922180564458,112,66732
0.14018596625031765,83,45799
