0.06092173558525138,49,14815
0.07313510374295795,27,13749
0.09114679696837924,151,21969
0.1027506812718938,74,15056
0.21722126496657457,141,18300
0.08233353261775234,65,15230
0.0816872783905559,29,14706
0.11195312208646802,127,18220
0.1139441506955331,68,18724
0.13702407963489693,69,26974
0.24676019956266193,49,15402
0.06774377724867198,91,17307
0.11688566615732376,73,15480
0.07721637977269913,28,13268
0.08606409965212702,38,12293
0.1130399094056519,58,15510
0.044197633303222794,80,14890
0.08978324241457336,58,16426
0.09543666991484179,44,13364
0.0763306716982044,74,14999
0.10993212377711992,204,24935
0.09163169593290366,37,15980
0.026518830466940813,162,21930
0.16455179608539183,26,15105
0.033900963463951106,36,15165
0.06805523621780496,54,14123
0.09570941366096075,82,20053
0.06977355194322388,82,16449
0.07065539942516064,43,13046
0.116412244914878,29,14191
