0.7789273494338312,82,17115
0.9558596255222226,129,17802
0.8904502543301904,172,21705
0.9541819541208879,124,16629
0.9287518804886075,210,22268
0.9159760355660282,148,19322
0.8764806712200153,102,17158
0.9543875995690188,144,16293
0.9089214797398628,115,19623
0.9499790156205566,286,21973
0.9397678060535862,159,18613
0.9308896380072748,285,28079
0.9612172099030083,88,16176
0.9654460544212266,201,18864
0.9556699078588614,70,15744
0.9546853168668218,70,16516
0.9491391910880507,91,17675
0.9551582712648194,139,17868
0.937801998397965,117,15735
0.9045620984301683,155,20863
0.9390311306969599,125,16940
0.9650866478065092,62,13170
0.9421260438136911,324,23668
0.9630775692267303,55,16266
0.9592575187520765,57,14711
0.9453768902013244,298,25343
0.9576005485899589,111,21441
0.924389104833937,127,20331
0.9667121738694703,172,19055
0.9471358251568053,155,15612
