0.23304833996072127,61,2011772
0.21030704923136145,31,2348706
0.508795834365345,20,1589222
0.40034322572842373,36,1578907
0.10104471773369217,47,1601462
0.20317852537777747,104,1609661
0.2917383888430636,29,1582480
0.25800793115781606,31,1584267
0.39300524289234107,43,1598103
0.24904193881819958,32,1568370
0.3537742681323135,17,1612204
0.2965892402895127,40,1612779
0.23730951353664198,77,1602957
0.20425164678894359,48,1642639
0.2717407243612542,46,1588422
0.2038371169772608,46,1596847
0.23277840864043087,28,1590232
0.2586309986960298,23,1572176
0.3065996405292707,49,1578078
