0.006217578731853246,38,19750
0.2641088778835613,91,20566
0.41646304437604487,56,18369
0.09929232992314874,123,24022
0.21228488207472773,113,23339
0.3964872073202954,92,21745
0.2635564180369232,114,20178
0.06209245834354715,107,23201
0.13277261652593753,34,18841
0.29050965851153276,55,17999
0.4293365494224135,39,18257
0.4148751942351735,55,18793
0.4514618349709316,22,18449
0.29988897879425624,48,17503
0.0,11,19196
0.35784539207958976,37,17072
0.21805464321308243,73,20599
0.21419012714100416,63,21315
0.3729997594456417,53,21011
0.38365608397643336,55,18739
0.0,15,18470
0.3118836883462974,30,18477
0.36687343656397564,82,18588
0.15967806167544152,28,21041
0.24338612378164193,81,19028
0.3996143055442374,41,17534
0.3585977027707128,76,21027
0.3578251867625458,65,21649
0.37029040912238753,36,19491
0.3725472414971752,29,16964
