0.45533927765792614,15,20206
0.6417392038515803,32,19334
0.6964713173257201,27,21229
0.872148067105199,33,19561
0.8449128200291767,64,18625
0.6778031980774372,52,21881
0.8336148074826264,16,19122
0.8062437537857712,82,19279
0.929645297900992,15,22275
0.8739525955679291,36,18467
0.8576223590514447,31,20930
0.36101355930468226,44,19527
0.7032463622726209,49,19081
0.8872998139368643,45,25274
0.6504802978927542,52,21035
0.8571444538127759,55,20486
0.5795369674306557,56,18232
0.8145607895252516,94,18470
0.8597703923874911,57,20778
0.24990096870858525,28,17841
0.7884318244007829,45,18646
0.9546420960378236,93,19577
0.9474051789818495,160,21278
0.8129170280882658,114,25013
0.9003589992949628,39,18028
0.6873887476462428,31,22766
0.7194844128567144,43,21808
0.8367579489616728,23,18925
0.44869828098296727,26,18805
0.5939725301169198,121,25915
