0.3386734160966295,68,52400
0.466230600463702,30,43707
0.5745407991935232,103,57963
0.2343821618277454,221,43789
0.33163539223358485,70,47575
0.6433688971640896,10,53838
0.5032776829885025,13,52201
0.6904811692961648,52,74826
0.42728023299747764,23,69960
0.39397914964575464,46,40200
0.48698760596407875,33,44824
0.3471231411461896,126,54846
0.35669994756877266,21,60574
0.40562488530784235,74,58409
0.32961822722230627,46,44003
0.63603716756041,66,57776
0.38160615686635346,33,71625
0.37361834511291325,66,77932
0.2835501570092588,37,61460
0.31536121518218985,26,55270
0.25971504960089165,85,43537
0.29657756571930427,120,66431
0.36181446471018663,61,76119
0.510394329445667,7,71617
0.2700746121618418,56,45371
0.28759028238712014,103,50113
0.3238747128877436,44,53943
0.3528310371260788,54,70993
0.41094425823884584,42,49941
0.19857268222102387,48,85263
