0.1447050908314096,293,38963
0.18588653406323863,72,16189
0.22493174166294927,43,16668
0.11569876818810187,86,21015
0.08268599049079761,50,31853
0.056025869005919104,68,16984
0.06359474763241713,205,23655
0.17940987266533104,184,24067
0.033579706914152685,190,22735
0.11320048267113947,159,26156
0.2686805780760121,69,18742
0.02807123894752761,51,17282
0.12520650372905984,30,18004
0.14075570634730417,197,24553
0.20923121253174348,171,25192
0.0712085375343735,23,17906
0.1895280781671096,97,20803
0.043441416704538716,66,16004
0.05219739560130665,91,20829
0.04770679572947878,61,18005
0.21264083942495526,78,23986
0.06966167895010389,46,27680
0.03679054773365309,81,18643
0.16552412665171923,16,15942
0.2695741571012866,22,16168
0.1845841383268665,106,19788
0.19767794291449337,22,14908
0.06198093573037777,44,24695
0.09813262605578699,30,17148
0.22329916721706333,67,23111
