0.8583378834739859,243,76913
0.48321056899776926,158,53181
0.8229227291941034,20,57640
0.8969288565913659,182,57124
0.8757225828192648,163,72057
0.8951886607137907,47,46824
0.9100263892483601,153,46546
0.8990070788324547,285,52567
0.9356346352102187,37,77324
0.9037243542587229,78,77744
0.9196620009857965,60,50280
0.9072410737973045,89,50790
0.8920773920461169,134,73539
0.8909663860421565,178,77442
0.9069363146435985,137,85199
0.9252343901897596,140,60446
0.864682241808918,316,64137
0.8787481527346381,105,61026
0.8974346473321985,133,50425
0.8439553436214993,455,58982
0.5525385644955789,44,81329
0.9122974217270073,60,78891
0.9187858406405711,10,66777
0.9268676952853497,40,56807
0.9214716105885424,52,47404
0.8526658049068879,56,86208
0.8086020106006588,38,50614
0.9164165925155814,60,73341
0.9185869617223672,21,100184
0.8340151938019484,195,56578
