0.3878494006123888,77,68288
0.40890271371407383,45,78966
0.3731163752054716,79,46351
0.3327737912198835,73,61773
0.2846806702549227,117,45574
0.11956677437209651,41,52073
0.38529672676283266,15,63142
0.4286972715417876,64,46377
0.22193286481871244,30,61390
0.23552592939721462,52,45480
0.34824829193177975,122,65241
0.3321020488241311,63,60795
0.3029741173097744,140,66280
0.15553354629578797,114,61945
0.17495103076773844,64,38744
0.39657291512984305,56,47651
0.2657609971615129,108,66777
0.3679745499548448,588,69868
0.4585593802395441,26,58979
0.3603713229147686,100,64971
0.39044551255201854,26,62624
0.08055062787924361,81,44610
0.3820343618685189,25,42953
0.27322283587534857,34,110486
0.36662727325794964,22,58284
0.39292967693344594,70,47883
0.30981562488148373,91,55100
0.2692799125930947,153,57451
0.1951788117997466,284,65929
0.19332314589155775,55,42832
