0.36894538751147476,29,16033
0.3459547630047435,38,15595
0.3895126438390504,37,15211
0.38470875672766147,138,20683
0.32202863834612194,28,15484
0.38790336987106055,20,13713
0.35522654483529204,61,16949
0.2755118406032132,34,16808
0.36946581612070717,31,14848
0.3098192804813815,60,18402
0.31203506227376143,22,14055
0.2806744007870575,30,15567
0.3638590227147488,43,15020
0.34285105882836464,32,15054
0.28758577959448617,51,15888
0.36987911292394704,32,15442
0.36574882111106954,44,16526
0.5359282674611079,20,14348
0.43770081636080116,25,16034
0.4786523450567166,21,15156
0.385436224695324,98,17218
0.4128392340893384,20,14164
0.3620120167134032,36,14880
0.4048510656925578,27,16898
0.35880383240947067,10,15999
0.18421238665131223,18,17084
0.3100994104153987,54,16282
0.35666077061960755,75,17893
0.4323131083977947,29,16143
0.3471109909623189,36,15626
