0.17750837196894842,41,43929
0.4316691660256079,31,39879
0.502601962795983,101,41986
0.419145472144803,106,45164
0.18111475885775885,38,40256
0.4154596249624314,50,27170
0.42625380185731376,91,33321
0.507398586623412,32,24486
0.706026667553316,62,99160
0.3527945254315842,47,35426
0.33741806511753525,152,47405
0.47770217299710416,83,37957
0.6437701158846935,37,42210
0.0,18,83384
0.3037047277536671,27,32028
0.310053588486065,101,34983
0.6878570043867374,66,45595
0.4536855439754104,41,26223
0.3987829492414732,31,41088
0.5228991056163375,45,34854
0.5012259231478547,78,57279
0.37860187074991525,34,27185
0.41756798971814213,42,28611
0.5038835961714084,39,29200
0.4370313107962671,33,30216
0.4088367475558581,59,36827
0.4034178185088684,75,39925
0.4727740681248962,65,31003
0.5474313640371629,54,30042
0.5020299964724542,56,35015
