0.42944685060414145,31,12966
0.43800996600503983,41,13774
0.4568327756762748,123,15385
0.050399453585346254,122,15705
0.016833610467794302,48,15145
0.4472154908909288,27,11725
0.0,7,13406
0.005526968611815675,33,12401
0.45046371791303486,32,13771
0.627056181049019,50,13820
0.3084388551993511,70,17951
0.1318431651312728,7,14841
0.4187405833904898,48,15342
0.032056779452486306,24,16129
0.03867825804075531,31,12224
0.46965326506662874,28,13902
0.2980384228489259,75,16369
0.41371866337558616,22,13680
0.6176687142272491,37,14069
0.050041151308815146,27,12495
0.4936253236294653,57,11652
0.11100820777562337,92,15667
0.41046339396236775,36,13475
0.4350564820992626,64,13266
0.04746912715570495,23,12708
0.2903866920094679,75,15994
0.2964540945529258,39,12923
0.4022930316159118,77,14236
0.15916226801465871,60,15239
0.32331101089766223,36,13178
