0.408777538321184,41,20768
0.41517482562657937,21,17957
0.40782243245150285,17,21103
0.3104818582915583,65,19131
0.4007694756569582,24,18861
0.444683144627971,33,17874
0.4243579850785224,40,16853
0.36251791055321947,51,19107
0.4452135334752363,46,18086
0.45112469284228907,25,18810
0.4004145942559151,26,18608
0.4007670623954601,43,19435
0.38310007371985766,74,19007
0.4090694667570788,19,18075
0.35330188584927114,26,20405
0.4274315098663105,61,18590
0.42750130890203286,30,19075
0.4220132511144461,21,19813
0.4295640318990641,29,19448
0.3332521872694453,93,22377
0.4809703198633857,36,18787
0.4623089072839969,22,19804
0.4149388444503961,24,20345
0.4217396197744021,41,19145
0.4029257395912301,54,18670
0.4726774909415933,29,19736
0.47478130232310334,8,19565
0.42833310591938023,34,18384
0.4232235935190186,40,19148
0.3919245835996781,29,19482
