0.3312837497408808,49,13152
0.13785736686441064,69,15541
0.33165047380516555,61,13587
0.298705668990187,21,12373
0.2245274718159017,50,12479
0.1423402507448056,106,17465
0.2876994229586137,41,12073
0.15095455935236257,31,12393
0.2368485158225978,24,12207
0.3813426762872464,125,16098
0.2877660483978368,33,12852
0.0733563185863032,42,14707
0.26090811724764873,34,13829
0.2326981707815211,53,12834
0.3159447170738159,44,13471
0.17754401336028036,59,16064
0.21229733592740163,45,14276
0.28758889497690165,44,14801
0.3540107760949137,23,13066
0.31767599869701124,22,12995
0.2835641155411346,153,17680
0.1680790014021224,46,13491
0.3573974092675548,35,14085
0.40461066299953996,20,13589
0.3999040980175236,202,23044
0.21480746258904138,40,12988
0.40914796861443603,20,14666
0.27576413928582644,25,12797
0.12225787402018728,35,13691
0.4438620060894619,36,15454
