0.3699403571887129,36,19629
0.4175279903775897,46,19579
0.3484994533004139,41,19532
0.3468547496958946,95,22216
0.16809661207046567,132,22405
0.25848864212670897,64,19580
0.2746455267899197,51,20399
0.36949356169357883,59,20952
0.5008951700221493,23,19713
0.4616817892436802,51,19850
0.3337891434914919,34,19271
0.3011222068738061,64,21405
0.27426517637650893,40,19721
0.44123853334479357,32,20312
0.555879171757873,31,20948
0.42932886501690937,75,23637
0.47709397355517125,25,19663
0.13608190618001104,40,22317
0.447017108958057,44,21353
0.44769963482262376,26,19656
0.1336974837523507,50,21400
0.4593548570426206,36,19956
0.3052930745342147,135,23108
0.31882636831766287,31,19337
0.22611860927843996,31,20121
0.5156802449694089,29,18461
0.22863211904588499,42,20711
0.2141269753554319,45,20306
0.46230138222038564,28,19930
0.20586677672093434,39,20692
