0.09393210208417058,15,21412
0.2509765258306431,32,20461
0.025542979602611315,57,18663
0.05444542844304456,25,19295
0.18571569189172432,30,19329
0.19109265278378584,22,17767
0.08215776363740934,25,18078
0.29362696479420114,20,20451
0.0827345672358546,37,19618
0.05038221601731352,78,23472
0.07508612988690555,37,18899
0.13704933818773646,27,19345
0.13846441297340462,18,18923
0.12027922623597687,45,19216
0.06255498851330854,45,20066
0.177854552145709,21,18309
0.06469323679870997,32,18548
0.018454810680272882,35,19240
0.2234437872600038,14,19319
0.1013917289250783,27,19361
0.05805659054593104,39,19366
0.22765037411012057,22,20017
0.18617869234130813,23,19632
0.11805493315585869,28,19449
0.11172788458335947,24,18839
0.10318198499764053,34,19203
0.20808300579927874,19,18651
0.27398898131299476,20,19698
0.2501835570099775,27,19560
0.10683446022925358,36,20599
