0.8992142213172833,58,35216
0.8920622866841016,32,31632
0.7818741450143881,94,22085
0.764971148211451,46,25969
0.7240923658534515,32,34475
0.8013597933638654,30,31167
0.7539173616285797,70,64206
0.8669163434636751,135,25725
0.7615535208419977,25,115060
0.6810261280336547,36,27253
0.6342879238500787,186,26176
0.8789641487236672,39,23388
0.7999196407809517,72,29693
0.711401539708693,39,27589
0.8509554485070352,37,23914
0.8785746809359598,84,37339
0.8734162440031245,44,25511
0.8989727959210891,72,33248
0.7939756734959105,24,22580
0.7669969015682798,59,39648
0.8124437973685537,156,31541
0.8274955771842956,113,30925
0.8920038868226131,31,26663
0.8997376695555904,27,29462
0.8242742191541594,90,29041
0.8466243584188288,18,35935
0.693195591498055,69,30312
0.8991469033163282,49,25595
0.867205186748604,17,30011
0.7140665131062113,114,120678
