0.6852021365380441,126,28927
0.5727491161394218,132,28343
0.40810918259016815,75,25675
0.33601839038250414,46,25784
0.6831809668777891,76,23902
0.6768974267461008,79,25068
0.468190453858475,70,25627
0.5737040409217258,48,24664
0.3927593978674585,84,25126
0.379704166867172,83,22912
0.6698679499120768,187,29899
0.614538529200515,33,24298
0.4338823043472333,128,26163
0.6555566661884298,65,23409
0.5144352946442693,27,25106
0.5213786574900292,163,28160
0.541883993933052,94,21095
0.4480799569474667,39,25339
0.28916812929429103,37,24203
0.6297026936197391,151,29410
0.31157167827995447,130,26773
0.6153314293603551,39,24943
0.5309562835858989,66,25456
0.42941651259615954,79,26247
0.5688314898152389,50,23909
0.5654406725588923,139,25339
0.4444260566021405,48,25108
0.33451281006965483,98,26109
0.34460853703124883,55,24386
0.5063380494296824,45,26301
