0.023221765568592567,20,19325
0.5465872330216985,65,21023
0.4993017887557678,31,19017
0.36797447217378554,71,21124
0.4402499624219015,31,19750
0.4151375424343867,78,20677
0.22983268972738613,19,17435
0.23647549620702324,37,18684
0.3553239921196837,30,18489
0.33761088328495636,59,19263
0.2777793559113527,27,19442
0.3387094803642454,9,19374
0.4063010063799094,62,19713
0.3833876303739484,9,16641
0.09663361408900872,18,18036
0.25590151158948304,131,22620
0.3693016181194585,25,18318
0.1611728450675648,21,17903
0.4363523913277928,79,20459
0.4049886232851029,14,18724
0.3161373351360721,84,19562
0.3828471645267997,21,19363
0.3140022543105164,23,19530
0.46295468798246475,8,18447
0.3866044454865767,193,20841
0.09699265333979346,18,19912
0.37330677567852943,45,18752
0.3316300493395393,160,22427
0.43781465592493773,52,21207
0.4420218287937788,32,18460
