0.07326940580711427,18,2129372
0.15557699964050065,17,2311110
0.05867949615762946,37,1608513
0.09877358156747318,24,1605109
0.12812073143881553,24,1595130
0.10592652724990137,30,1584564
0.11116754240364901,22,1588882
0.12237118760802757,34,1585070
0.09777279198732958,59,1622917
0.25066755666334195,31,1585694
0.09111932600048556,24,1591155
0.09720127205971518,19,1596489
0.03149304787333951,58,1653224
0.0821577636374099,14,1624951
0.11262354190918833,37,1572911
0.06815521967745442,26,1573102
0.26623572660255246,47,1591133
0.1937126961366501,26,1564107
