0.3588590537822598,52,20285
0.36876835072073666,80,17238
0.3474615114678168,128,21643
0.34112670341102314,61,18946
0.3395812033890666,72,21113
0.28642326610017776,42,18576
0.34525478329047743,70,21455
0.35711912821687186,60,19730
0.4581557267212718,24,18405
0.3912723307481314,42,18002
0.47513267893930744,31,18009
0.3429534131625276,46,18458
0.4061937281999013,30,17626
0.34554289782303804,38,17534
0.3523463980327801,68,19592
0.32446270551868783,57,18888
0.378358475069675,26,19230
0.4578986816292787,17,17382
0.3759842682779363,38,19782
0.3687631669282643,67,20305
0.3648296540945746,31,18598
0.33916317811092755,31,18193
0.41211286565820715,36,19422
0.3809612441885244,119,22226
0.3156721935028297,57,21356
0.3148081183971757,43,19279
0.38315188706957337,16,16510
0.34435015976587324,67,18940
0.271306586313417,72,20859
0.38540441948750737,41,16996
