0.1898479040648704,38,12948
0.514494692031129,23,12486
0.2816041661033468,119,19793
0.46554615554468737,90,13695
0.39193090750848825,43,14742
0.2821804557439298,30,13869
0.0,11,14866
0.23992072038844803,120,17172
0.2813571956034201,64,13794
0.47125444538363226,41,13977
0.3698127610859082,48,15641
0.1952725553270478,106,15053
0.31343577800326194,36,13033
0.5053587515525575,54,14606
0.244275380311325,29,11465
0.2909006695195724,98,15081
0.5142795566038317,106,19182
0.38649217094589294,46,11690
0.2610477361751986,71,16293
0.4650613952820598,60,13573
0.48533373537964375,38,12625
0.7563326254320678,77,14898
0.3062958377464876,50,14987
0.10969451294277632,37,13352
0.5001721395882979,183,21734
0.02348670818698473,30,12749
0.27991368260756255,63,13790
0.6424044491665192,66,15786
0.4255537345123318,39,13868
0.29095846319461427,131,15073
