0.9825169607116035,55,16240
0.947134171886692,143,20599
0.9892251395975028,107,18810
0.9920134845344043,66,14782
0.9774516655828231,114,18400
0.9880854046810155,161,20912
0.9911473498985702,103,21230
0.9783420648163514,77,18099
0.9906731691145679,146,20509
0.9863772059872796,50,15579
0.9936534249361174,67,15209
0.9910963264125405,27,15802
0.9798946932549742,126,17341
0.9882904713480216,91,17484
0.9932330027515509,116,19132
0.9914700430533362,173,26679
0.9976141689068394,520,34683
0.9683126065386124,151,23619
0.9862363282555968,82,20699
0.9849342187426281,33,15190
0.9830176405392507,98,19167
0.9934514167139605,46,16881
0.9745967174524639,221,26218
0.984211222861326,146,20821
0.984780045006314,224,22797
0.9892967374693893,112,18442
0.9905035430968517,112,19352
0.988400422017986,134,23039
0.9777847400901196,49,16167
0.9810960316410791,125,22188
