0.11030134441116668,19,20414
0.0385131322445319,16,21938
0.10706722849135031,9,21930
0.1499516425056049,35,21502
0.0487715144636226,19,22009
0.036115162053814376,19,20672
0.11099102121711679,16,21191
0.0595284150743437,16,22424
0.10760503092821982,41,22992
0.10706722849135031,9,21355
0.025386950982530077,12,22648
0.01951595837062814,19,22026
0.0154578578719059,22,20855
0.07978280826932171,47,21186
0.04284724891107361,15,21171
0.020509757833581888,16,21822
0.19477280462494695,8,21178
0.10084488401703484,47,20576
0.04367887648135338,21,19956
0.024982255181569046,16,20212
0.07343182558763861,28,21692
0.24428043645231767,11,21350
0.19477280462494695,8,20543
0.010273117868435433,23,22515
0.09042812568925818,24,21518
0.04102983423506068,18,21196
0.15331564888218085,36,23579
0.025386950982530077,11,20906
0.10336044215763707,77,23746
0.24562559113079407,8,21827
