0.0934847859911564,53,1939964
0.2553626940714181,22,2030618
0.033227447163559076,44,2300912
0.0,9,1577773
0.1443620756408307,19,1566827
0.0,9,1573204
0.0,9,1591058
0.11974668753407691,86,1594815
0.0,9,1592313
0.2940018659246023,44,1591381
0.0,9,1717850
0.0,9,1588046
0.21946165145783558,23,1626413
0.1321791125974141,35,1614135
0.07674887660954544,45,1594836
0.11631703964457984,41,1619762
0.017094865793353176,27,1478076
0.0,9,1546266
0.0,9,1549561
0.26453265508400237,21,1600425
0.2773861329351317,24,1573612
