0.8852214321351954,57,19630
0.892069739536014,28,18466
0.9049643568608309,71,20050
0.5614607039666715,27,20040
0.8937838725204625,35,18014
0.8699585393617876,12,17836
0.8736590690837207,101,18597
0.919184717566464,61,19995
0.9056801447750289,37,19823
0.9077983805193115,39,18313
0.8750203505206553,54,18241
0.8497063115652227,27,18924
0.8991333138336287,31,18822
0.8793316662507842,31,17782
0.9143467527636064,28,18581
0.9031208436955487,31,18220
0.8793045734650391,89,19554
0.9164878778116423,54,18545
0.2831399832395102,25,17823
0.841837593945387,51,19294
0.8645566806176674,21,20075
0.8854809014588753,32,18452
0.9109158111526938,56,19779
0.9143443440666492,44,18813
0.8185950883614808,42,17720
1.6222810423305312E-4,51,17896
0.8390753845043661,14,19297
0.5462705276833455,58,19424
0.8942968889629995,39,17072
0.9095743862928327,49,19430
