0.9929333885352862,53,18055
0.9815658017641443,75,18705
0.9732253142518849,125,21910
0.9799167200684646,78,19844
0.9827637308822506,40,19569
0.9737179837741402,176,21338
0.9841862288131107,29,17240
0.9789823180374446,99,22106
0.9826729523965264,38,18311
0.9871343457296878,33,18499
0.9733941254880856,178,24010
0.9829540748190512,78,17827
0.9785423891830424,158,21514
0.9882155095202152,44,19796
0.9798518773896511,136,19090
0.9673568232146745,47,18415
0.9841991094191623,148,21396
0.9844099319859788,57,17647
0.9766615653892811,68,17576
0.9875797631782487,40,19360
0.9716266811461087,82,21043
0.9819811900128296,166,21107
0.9744837490423264,22,18503
0.9802672437894071,156,19971
0.9762016643494323,269,21166
0.9895063990879934,57,18322
0.9846708036921753,109,20119
0.9523160101717008,127,20935
0.9831992735187586,61,19205
0.9820266131014793,123,20824
