0.5064566453791306,87,20112
0.3114046905401058,187,24758
0.4924276789006061,135,21874
0.3501009095376423,56,19606
0.6030952484353815,97,18920
0.6817674918913457,75,23230
0.33944514711569385,214,26914
0.4514612999275328,88,18836
0.32313282699684776,73,18292
0.43063095733945744,148,20428
0.6039439900991823,80,21110
0.2962475377884035,150,20959
0.5116206594277153,121,17476
0.485040086997214,59,17519
0.42178529364718576,118,25340
0.6461433324168806,103,25017
0.6948765908408163,139,18146
0.698266872056332,172,23128
0.38162308496352737,128,21760
0.21722725767696316,132,26381
0.44364482938193683,132,23837
0.35183101477513956,216,26116
0.3759775166700622,88,17397
0.3570287635647206,67,17168
0.4578057380999965,83,17614
0.6509949228193852,254,25303
0.5282546252656724,91,19236
0.5802190780490478,156,18852
0.3444314354092386,69,20273
0.6963040551688315,147,19008
