0.9864001977555736,47,35776
0.9864597430068903,45,36124
0.9956970247325447,181,43949
0.9945665182274894,88,39046
0.9864517676938392,54,33566
0.9905913998656626,37,31600
0.9924172214497934,9,32721
0.992090436842899,19,32308
0.9638640946413162,83,38612
0.9842524379149677,26,30993
0.9924247599067232,15,36229
0.9941781852177505,29,30478
0.9848105959715823,30,34539
0.9895899243090929,25,34948
0.9915090846598611,68,37882
0.9961428359448056,52,37084
0.9894193709055793,27,33545
0.9871814613450636,27,35466
0.996857690657957,64,33832
0.9730940447075273,64,39008
0.9886966394815779,155,38667
0.9912328940257603,24,33587
0.9948792372804265,144,38169
0.9897640464685867,25,33386
0.9916271749141307,34,31134
0.9958540512511945,55,34931
0.9951591188248933,22,34524
0.9748004231014147,33,35995
0.9980029528587061,150,42406
0.9907071194108354,75,38490
