0.8607042212818103,18,24342
0.7234514947581507,95,25651
0.7712893452577695,24,22584
0.8439762230989324,32,24124
0.6711738364555366,31,22318
0.9054707758034665,63,23019
0.5159209449806894,37,22952
0.7317055871472784,57,23141
0.8314424021208888,29,23445
0.8098455483964686,72,27952
0.8099789001795255,46,22616
0.899971870054334,111,24980
0.8841246402250035,41,21540
0.42902130555646567,55,21704
0.8171981472550054,23,19069
0.7068250955055466,39,22478
0.8951702925542993,18,20127
0.9277759205215783,36,21900
0.6108115117088291,135,27637
0.7350185963265581,36,24524
0.8284846726195606,39,19231
0.8771994116279271,60,22004
0.887496039371455,129,23895
0.840758034618778,39,21766
0.9533028010925119,34,20561
0.15713818073006647,58,20880
0.8211115852788229,54,20671
0.6161124786197143,47,21328
0.8641837379570438,21,21782
0.7135895736327194,24,22258
