0.1284764366945217,47,11920
0.21823718348796772,90,12079
0.1122484101342982,72,11522
0.04721696156957089,41,11523
0.08663140845516926,249,14590
0.15837499209137174,69,10247
0.13737192453232294,62,11118
0.10622424052176638,32,11196
0.28845611675328975,40,11163
0.10268333535732665,38,11223
0.10257980954255874,71,12656
0.3044035333719559,18,10208
0.13396371918376992,52,10330
0.22115654573048904,24,10381
0.2473242064238823,54,11748
0.17085401759600438,28,10722
0.28713992957425594,22,10700
0.24896950784203642,62,12210
0.1972470207200775,29,10571
0.3002459686624457,39,11103
0.2277315080613742,30,10219
0.06447561155424009,25,10974
0.0892412526191273,89,11884
0.2878708745008325,28,9288
0.2590047449456959,22,10054
0.25194526343063384,145,13017
0.2233420467849334,26,10885
0.20616271726224944,78,12533
0.22253120633050294,31,10402
0.19884879458303473,35,11114
