0.9286862390371982,48,17991
0.8386648148505543,21,17817
0.8703195875968832,209,25619
0.897709256472128,16,19242
0.6766463582671263,14,19331
0.7672642698260337,66,20678
0.9256878373785834,61,18887
0.9118066200634007,41,20859
0.8737233289182165,36,19935
0.849156973838235,62,16808
0.7462962410263136,81,20321
0.8869766121147884,25,17920
0.8530638848633891,16,17519
0.7376186405088871,72,22059
0.9079247398854178,19,18268
0.654989790161839,147,23380
0.7546650962398085,90,23406
0.18356987576185413,27,19805
0.860011626831811,207,21219
0.844713456226386,23,19784
0.3553604334822199,40,19697
0.8698264956728838,128,25829
0.5938768992899888,42,20171
0.8328123301294448,30,19058
0.9308209891623004,54,22329
0.9205788455497262,100,23450
0.8160799073279754,130,25137
0.787852428175954,46,18780
0.8801784019197156,23,18178
0.40865537154358644,109,22140
