0.24145768854292193,40,18615
0.38003284836644524,51,19207
0.3558985820239142,64,19015
0.06849671469410745,38,23382
0.2357664671801748,103,21359
0.3450510945706704,25,18721
0.3655027332260845,117,22584
0.275571223614539,125,24095
0.3427403226030108,62,20211
0.3263366405318301,97,18193
0.30270862326364156,105,19805
0.23275908006485413,80,18714
0.20178603678720308,181,27555
0.36062867517043407,25,20248
0.35410167257529845,73,18556
0.3284957791996439,80,21282
0.3848807786142828,22,17130
0.3739918105314516,45,18753
0.36957871324437264,68,24406
0.08066463651471478,47,23180
0.3524671895679493,27,22508
0.1687787986996735,92,20592
0.4252445168021356,43,20000
0.23665145644363939,173,31255
0.29766906568990137,64,20955
0.1961279462550628,41,17448
0.36609297280665976,31,21307
0.24371845759691957,67,19513
0.2541189548171129,139,22907
0.2975016515363771,28,19950
