0.4379110662504704,128,25783
0.30670772137750124,82,22275
0.4462051338454205,131,21417
0.24592922348208923,60,20218
0.2562723334906768,134,24888
0.30633140663775416,106,24167
0.3551059492927927,102,18317
0.6591393355724586,105,17475
0.33332724640580946,75,24032
0.47692559908670995,40,19521
0.5627958185967925,86,19495
0.30204348841400375,33,19520
0.4239288657413022,51,18708
0.062023510197815934,85,25238
0.7043457332947674,57,16021
0.4408034452892353,56,16917
0.1922623872746153,104,20118
0.34910764042848175,339,20023
0.1195709570621103,43,20771
0.41303977665652925,52,19555
0.35156177947229794,39,19308
0.41480835801914195,140,21360
0.3297910816190851,42,19658
0.5923871439578601,59,18917
0.5134906201365573,42,18738
0.36076914215810285,39,16621
0.3643965712430365,68,18298
0.46220688241208263,96,23299
0.27375292175158616,110,19908
0.5046473482072384,56,21766
