0.7988353302176266,23,13957
0.7161080443592402,83,22829
0.8328091524559187,37,15800
0.7415594791430686,18,15377
0.7413469850126815,82,18487
0.7498918708459017,37,17188
0.8299436926252877,87,20433
0.78332418206183,26,15260
0.9015920984026465,52,16942
0.8992242423818471,57,16830
0.780188363162898,22,13647
0.7120246540779391,17,13982
0.7371235123261846,29,14268
0.769011102643643,35,15869
0.6155086803944947,61,19852
0.8207634707308754,15,15673
0.5375724323349755,136,20215
0.6952309790829759,87,18526
0.7255961375208533,27,14018
0.8260365092026442,31,14706
0.7839356147445702,26,12879
0.7358928806067995,84,16765
0.77349228764499,26,13496
0.8876610619718077,32,15116
0.9048803504731286,61,19490
0.8047208316449922,59,16468
0.738604085472927,29,14029
0.8950868285618644,89,18161
0.8992357890127161,73,20014
0.7526315585051242,23,13734
