0.25502661968367657,106,14330
0.34937172561126306,39,12091
0.2762511230922793,70,12036
0.37841074162831834,24,11697
0.4095294177404023,43,13121
0.1559658700038964,80,15481
0.33571723830792044,34,10988
0.32679391176092487,41,11478
0.3052866982331389,75,12876
0.33234056203748596,30,10116
0.3734007775362562,55,12974
0.33861570520282047,38,10180
0.36068436099745216,48,12282
0.26541384282989255,213,19837
0.3431933377210893,46,10505
0.38107793187366756,62,11744
0.057411529362549896,47,12205
0.40631898981025494,61,12793
0.2926848617472977,103,16143
0.3875976195231704,48,12276
0.15988770620059134,101,15908
0.3505895775204072,131,21563
0.21139090971538688,93,19497
0.36074250877367475,51,13766
0.2686099226748683,59,13024
0.37900778135908075,34,11959
0.312351419253873,77,15608
0.16566538562634325,133,16199
0.3367657648393523,52,13013
0.23438911050542977,177,17551
