0.8895582115242616,137,36373
0.8807247054968531,217,37966
0.9123652292245391,91,37640
0.9356844652676425,29,37784
0.8970382725841757,46,44793
0.8930535827409244,61,46218
0.9053276467922627,64,58733
0.9474758702415288,3,36768
0.9025215108893463,55,44656
0.7732647777660269,52,36671
0.9182191756247076,48,31913
0.9132184684461774,47,29577
0.9350352534009474,142,28061
0.9136330441177404,166,36386
0.8864999723001825,77,47226
0.8675451609512492,100,40695
0.9474758702415288,3,41267
0.8951818244667813,73,25605
0.8936357481112146,42,30693
0.8826406856855026,78,70501
0.8961462290621299,150,51366
0.9212585692717602,118,48026
0.8898708587372516,88,33517
0.9130409147649857,138,76888
0.9160678159001608,26,82691
0.9248218938277458,148,33804
0.9364452899359567,54,33919
0.9050819027713165,147,44532
0.8855911956809926,115,34227
0.9143148959184917,34,33057
