0.13071477666700504,56,40903
0.4472894996085579,36,92294
0.08324013060979985,95,35531
0.09973803160064532,56,44795
0.0984012352586392,52,37600
0.26014921909817734,28,35149
0.23595553851946172,47,32861
0.12622646975686924,46,80167
0.2927951851421662,16,41180
0.12707357124086927,33,40424
0.1869799712889001,48,53774
0.11039454031645202,37,31960
0.20628252469276864,49,34832
0.2973136415808363,35,54249
0.08741102512472776,43,49087
0.22333692916622183,80,37027
0.07683847502314889,43,37484
0.08194644698071707,79,33983
0.07162390283168996,47,38712
0.07934851852351044,130,37438
0.19731491313140348,60,38000
0.09189961636262,66,51099
0.3332727720180617,34,36601
0.17011253613477417,64,47522
0.06881219497049784,51,35664
0.3514800038513587,52,40448
0.041616485576907225,127,40697
0.1349360229762483,18,32134
0.15996111211712505,38,41190
0.15781711593527947,117,48487
