0.37596908080822444,527,36580
0.23089403222529636,71,18288
0.34043409395833557,117,18520
0.22017045996194207,36,16358
0.3659569182981526,22,15649
0.2894055973551394,111,25428
0.38082055418499683,42,17013
0.3406526816141152,51,18273
0.2498254022701505,78,22369
0.3682100380227419,58,17550
0.4046211058054786,20,16155
0.3647997360491815,70,17999
0.1737414197352679,67,19947
0.37809521010183444,40,15350
0.3505156643420335,57,18167
0.31830173206140544,35,18692
0.12931684316864867,44,18107
0.17845158140983952,37,20036
0.35880236813322197,50,17645
0.34437180427027203,32,16564
0.33526874650681127,40,16657
0.24360365459996725,42,18934
0.11347983000153405,51,18750
0.40398051576589,57,22173
0.3748908244301272,63,18922
0.1873658960065948,62,19295
0.10972017416501556,220,29225
0.20240749021923654,138,22422
0.35773459398946217,42,18987
0.37270341988613576,26,16840
