0.14731395516681878,42,56952
0.10027850012538486,44,49323
0.008073402482103753,48,59469
0.03896874177871468,28,73937
0.14964948823001867,16,63426
0.2768373079075944,34,61151
0.025386950982530077,22,54019
0.044671294605100886,18,38554
0.017127235056021317,26,47185
0.036043320623912134,18,62576
0.08811932089531871,120,52147
0.10706722849135053,11,87332
0.017588901948716984,18,44700
0.05391037336837956,42,34749
0.2978216780092904,34,63521
0.14017090562804124,32,43489
0.16052617281114856,28,48791
0.10706722849135053,14,59577
0.15184743426621283,48,56494
0.19477280462494695,8,54963
0.0974824696822768,31,63615
0.15219883513389798,38,37390
0.15196400277723499,9,45331
0.2246349402682455,11,68030
0.19397785760685549,8,49695
0.03639416706574439,37,38236
0.06895535736729552,31,51402
0.15997803381275588,13,68580
0.028462530939685537,19,60065
0.11163240655387963,22,66201
