0.9852384617617075,236,28607
0.9791331558585364,66,19549
0.9800591492420274,148,25581
0.9727544071396923,435,24241
0.9712119812936351,195,29217
0.9795472978436429,83,18718
0.9716123859320656,218,26093
0.9676598122318025,99,23880
0.9370787070304135,135,23229
0.9779626030534383,90,21626
0.9782919965243917,155,27139
0.9635342924635456,275,28822
0.98005546344567,62,20403
0.977080924880786,242,31501
0.9479665416534947,209,28424
0.98402372451424,312,35988
0.9750052097210914,195,27145
0.977729583947581,75,19597
0.9884973883413732,199,27526
0.9670278998058887,117,33145
0.9690588531568625,94,20769
0.9920806612702172,28,17056
0.9834093110194917,54,18776
0.9721572987732311,64,27614
0.9857541504478259,44,19298
0.9813676504204869,89,20887
0.9693136201548438,518,49082
0.9808191306910603,47,19491
0.9763832955740647,170,29945
0.9784637971058215,183,26898
