0.4293297799130744,39,50655
0.41235129841307694,55,61001
0.48773560859239073,6,71124
0.41540716107962283,35,84250
0.4782062678667437,25,52652
0.3999709161023056,58,64853
0.38057704431598205,179,60842
0.4222972436542659,26,42610
0.4183876014508475,29,46248
0.41001936115948645,20,51222
0.44913958166413037,27,47746
0.3683715639249323,32,50766
0.393868105013523,76,65241
0.4558510357539136,23,45160
0.4061891167353314,35,60512
0.39289646640749054,87,48027
0.4456725162682841,85,67703
0.37481355795941695,149,54228
0.33729296022814914,67,78580
0.3839438867508663,71,61747
0.18366452711590653,54,53146
0.48531341100232017,6,46275
0.3923369239042511,39,56037
0.4298214474797968,52,70018
0.35880383240947067,14,65852
0.45803126699069396,35,62540
0.3912459238946938,57,48290
0.42148238952424444,16,57637
0.3850706729550467,107,52993
0.4621107637320585,38,52369
