0.4650333755933628,65,25955
0.0805092771090915,34,20630
0.0,7,22904
0.4505435489818913,19,24794
0.08974004378323608,58,24219
0.09766670526126298,64,26897
0.0472979171232053,61,24709
0.0,11,25277
0.42919278962506346,27,23075
0.0,7,22790
0.0,7,25739
0.41085488929701774,13,21387
0.03359530115463327,15,20752
0.1318431651312728,7,20691
0.1318431651312728,7,21719
0.33780341916293266,73,22941
0.4613158449261975,53,24971
0.32387215289359406,82,24347
0.1318431651312728,8,22357
0.18951444480460145,47,21165
0.45666928107922167,27,25570
0.1318431651312728,7,22466
0.0,7,23636
0.1318431651312728,12,25235
0.1318431651312728,7,23500
0.4661060674034496,8,22583
0.1318431651312728,7,22715
0.08676963647754121,32,28464
0.4578865710873392,23,23622
0.0,7,22109
