0.1805369906346771,29,19842
0.12054493432193303,62,21340
0.10738807027890007,72,22497
0.13481175182611127,31,20388
0.1449117430992266,59,22738
0.23488600251620229,45,21063
0.31136123166640706,25,19989
0.3684308030312454,25,19011
0.342795070572947,28,21010
0.0,17,19792
0.11399663026785833,63,20633
0.37286541439724774,29,18698
0.36630770207823804,24,18652
0.213047645118971,25,19622
0.20542689335911568,33,18766
0.25058656827897574,28,20210
0.2986174628953078,30,20421
0.27242583934270503,62,21201
0.1480805266714056,65,21210
0.1893560096121113,26,21482
0.23107328065533028,39,23341
0.15467920644170507,27,20040
0.0,30,19079
0.2860404043518082,33,19069
0.23425609933711278,21,20473
0.18450519864758697,46,20661
0.18675439575125508,80,24296
0.07022574424372396,37,19433
0.0,16,19866
0.17377190306001322,22,20238
