0.1546920085588127,33,20501
0.29094957453752235,73,21928
0.3932072634154734,48,22482
0.3388490187809696,110,24297
0.3842233909503565,173,24857
0.16238265799661278,34,20900
0.16083328358757532,26,21882
0.4082653888186488,37,22341
0.3834863176836948,25,20593
0.3322895984158918,96,20474
0.4227638164002776,14,20682
0.37188789305244874,26,21007
0.410674151281994,17,19809
0.41748144494214245,10,21146
0.24067306364102292,68,22403
0.19395563781594438,50,22169
0.41328342846386523,44,20660
0.15743891358071493,32,20376
0.3906581469414434,24,21837
0.38178497894645935,38,19359
0.25221496225062434,114,23430
0.08746460363744413,72,23060
0.3217233577152897,55,21381
0.4011098740054748,32,20336
0.35761400759730155,16,21667
0.25569257460050243,34,21228
0.3719097117403716,60,22524
0.3795377314326561,76,21775
0.48675821034723254,113,21783
0.3141125024872716,111,23368
