0.7769013079285485,17,19038
0.7851835641216306,15,17258
0.7458001000119499,21,16159
0.7396376001348745,22,17049
0.8126829518032673,55,17761
0.8952643448644504,10,16089
0.792240820984275,28,16688
0.8160175108574059,22,16798
0.7130150784093405,45,16308
0.7529901310848343,21,17054
0.7314448903789055,15,17761
0.8952643448644504,10,17375
0.7407020027783447,24,16238
0.8978472599946963,20,16505
0.9008344243408646,78,18491
0.7017078863085233,31,15701
0.8953780734499288,74,18432
0.9005625279796745,18,17097
0.7553058495139459,27,15782
0.8945527166009173,43,16661
0.8007604530091982,32,17191
0.850002462667236,20,16071
0.9004254054836108,46,16809
0.889547156855329,19,17209
0.8979299601039682,28,17803
0.7776935248174232,32,16658
0.8612769832644291,44,16555
0.8448509608422339,96,16529
0.8015091104693366,27,17005
0.8532245136146877,24,17278
