0.9222050323020348,29,20458
0.44547330457711587,27,20356
0.8712760451793093,95,24368
0.9402086254995298,58,21072
0.8684947677211724,39,21531
0.7991010918949726,24,22066
0.8870923634184615,34,23400
0.8837779880897113,79,22337
0.8813412499871646,37,21713
0.9078676272358268,64,22641
0.9141421512413479,53,22022
0.9023207129230307,118,25905
0.830972632728047,31,21153
0.8836567854468829,103,22229
0.8905266552535289,40,21632
0.8902419625529479,17,20929
0.9212230386377327,47,21261
0.9073506505993618,65,21804
0.870962858888955,107,22912
0.8907369159649325,46,22353
0.8873027396364851,80,23239
0.8744630988376765,22,21911
0.4935909641852826,31,20654
0.9057561006063564,19,21758
0.0,20,22865
0.9321887254946318,40,20760
0.8643376098120367,56,21967
0.08235152194734485,25,21396
0.8985379158163732,70,23312
0.8808081583382353,33,21638
