0.986371119707022,148,43868
0.9808960223989976,80,41756
0.9840496157881122,159,39010
0.9947651605530169,61,36153
0.9750663901767029,149,43851
0.9531123702921236,68,35177
0.9914800975714096,194,50526
0.9863954893387318,46,36027
0.9938015737341491,136,55613
0.9953812024119593,204,50214
0.9923269869054843,72,32498
0.9838656080814479,148,47396
0.9924033493804658,51,33206
0.9920957682765988,265,47477
0.9839151431621864,84,39281
0.9878157048808787,158,55093
0.9906543345483663,207,49915
0.9832419263146,197,61012
0.9924102259110111,76,33744
0.9941096145228863,153,47385
0.9903715868013481,190,51696
0.9777504444811961,152,48061
0.99057336426379,329,61344
0.9947242507981408,191,51349
0.993964548836467,232,62644
0.9885960288461959,46,34150
0.9903385779739398,77,45032
0.9927673543654623,188,46316
0.992561612067146,257,63333
0.9904350343917179,62,35149
