0.1318431651312728,7,23073
0.13184316513127248,16,20044
0.0,7,21889
0.0,7,20825
0.05907984231580432,14,20645
0.4376513888286183,53,21295
0.1318431651312728,7,21351
0.06314106211405246,36,20448
0.3512391130146971,33,20356
0.1318431651312728,9,23498
0.023485926555588232,21,19989
0.44835629341491967,39,21517
0.0,7,19537
0.0,7,19376
0.094335634739389,22,17680
0.39300118053663624,71,21993
0.1614862796077483,19,19819
0.0,7,19443
0.0,7,19026
0.0,7,22983
0.38495560240582694,86,22128
0.0,7,18430
0.0,16,20015
0.4294770185024027,33,20582
0.3604004560614361,34,18131
0.0,7,21832
0.4730942175129379,15,20640
0.0,12,21526
0.0,7,19297
0.1318431651312728,7,20899
