0.977887430054145,99,42975
0.9566120343577975,135,42311
0.9734455026791209,63,42529
0.9652775382737404,56,61759
0.9671150628560351,65,31912
0.9756661250684571,211,39581
0.9133140282717026,94,35268
0.9221184316738231,98,30175
0.9675823364779578,128,30551
0.9613422739068955,65,46957
0.9573810039490593,89,61820
0.962655047293085,257,102691
0.9757890844420677,109,44523
0.9549682708904957,104,39524
0.977820095060772,50,31530
0.9726272669807967,86,33642
0.9666659171096715,190,56615
0.9528594150119468,82,40741
0.843406207739755,240,47789
0.9597481837016844,83,27241
0.9396974278110062,133,33873
0.9612937204016065,47,36164
0.9731275699201238,360,54167
0.9449549709430168,148,34194
0.9557179132183402,195,30618
0.9698241114196751,135,42339
0.9117532707917071,284,41291
0.9289359836625315,92,31163
0.9440798410579325,103,53994
0.9641785792177471,79,37898
