1.5543122344752192E-15,13,19163
0.43513261148372584,40,19795
0.36481766175089625,76,20606
0.3192752179443512,73,22088
0.22339761271062397,22,18511
0.5228756611273977,56,19715
0.2950905782613028,54,19616
0.38663095046844265,21,19252
0.2721522857708668,71,21023
0.29605984933981566,55,17974
0.2994850074680232,45,19892
0.3069157783848485,36,24211
0.31491819711417013,25,18396
0.1543625722501304,19,18272
0.4279264733143042,34,18635
0.3418116396813843,38,19517
0.2272858596933497,68,20351
0.4209280530967465,44,18914
0.0,11,19736
0.4008265191825733,80,18838
0.2255653096714887,41,19171
0.34325619118230744,30,18217
0.1697293375790243,39,18424
0.05874275441087051,37,21437
0.487525232464772,21,17763
0.20968428953477558,141,24508
0.40210138445360166,19,21627
0.15552336680457857,9,19997
0.07361844744638346,26,19672
0.0,8,19068
