0.32636780051554093,26,10719
0.18604804507347728,37,12923
0.39480175333275724,20,10273
0.35893019121905834,43,11394
0.37460668254982044,29,11034
0.2658821951461855,58,14012
0.3029315645057825,72,15107
0.31077747235127795,43,11432
0.3788074352127744,54,12167
0.32442854611429084,47,12398
0.3540405177756927,52,13149
0.3472514395301455,42,10622
0.4296988722826842,22,9878
0.41823260543202156,40,11064
0.33670498496588697,77,13764
0.41585107830016144,27,11297
0.3817618424360515,35,10265
0.3707858567223673,47,12070
0.30049588098051505,99,15729
0.3319668437325244,89,13705
0.40943895899886207,46,11022
0.3578730638342361,20,10120
0.36345187939066037,34,10831
0.42415546491862477,74,13265
0.3375177742049119,96,14390
0.40394899312038623,28,11043
0.36242856321314576,94,13191
0.4153176441709706,30,12090
0.4008505291183204,38,11193
0.3528645123740698,30,10893
