0.6411679308457614,38,20347
0.653395421782303,34,23858
0.6449591914177475,93,21194
0.6575128301133593,93,21990
0.6679574916229867,150,25168
0.38323124326371205,102,23426
0.5313664539574693,133,24549
0.5408727570062437,34,19767
0.27577806709611163,136,21497
0.5056450486821853,74,22892
0.469891960046685,27,20716
0.5319341487982692,53,20801
0.7034865265029786,70,21456
0.698147225245549,80,22039
0.5432412859743421,19,23723
0.6265807887596124,74,21953
0.46001765584991705,94,21799
0.6368427826190421,108,21804
0.7046403871556581,41,24446
0.6733029559652131,79,23438
0.6537020249539622,61,20780
0.36511217587454536,23,21988
0.5697903643128688,89,22918
0.6603043218163318,22,20448
0.6387871760941423,67,27389
0.4629368684634778,34,21979
0.5463858705094461,38,20741
0.6312978702969618,53,21878
0.3926474820374063,53,22340
0.32515723715845446,32,20188
