0.0725655130567262,13,17647
0.03203659086951227,34,17093
0.07367532410060862,50,17945
0.018218624262812844,25,17347
0.07583913403703901,39,18979
0.16946983834189722,66,17819
0.23864563097029878,23,17248
0.03130591443924702,21,19238
0.03368275368375939,57,17157
0.27647540804728665,26,18025
0.02295287660750911,27,16626
0.13571412436210806,34,18453
0.30895645440481234,52,18644
0.05134740616832467,24,16731
0.10456014369693867,34,18550
0.23269765929947206,29,15709
0.03399974836445685,46,17062
0.18730741621372948,67,17622
0.05991772682576624,51,17915
0.0466721398523996,14,16095
0.16773935139209062,52,19991
0.04608461941322939,21,22606
0.06272348688427387,35,17138
0.05134740616832467,24,18877
0.03012085555970634,40,18360
0.04351089652150497,45,18406
0.03136615413362254,131,28606
0.04989715356328617,36,13940
0.028141274238527525,42,16930
0.2061164405553787,93,20470
