0.7479144979159734,15,2006883
0.544854713496986,162,2376821
0.3224707304615103,38,1644844
0.6724392834967545,49,1894506
0.5822836668269966,80,1594861
0.42646004666195825,52,1606754
0.5392609556096968,55,1573827
0.18952123676461352,41,1589798
0.27567421848523654,36,1594856
0.3743519163810186,48,1585780
0.7273360220411771,18,1606197
0.6485445940962395,47,1577255
0.5184615780368975,38,1601604
0.3962877368685762,35,1650093
0.3005882620793884,30,1545237
0.4048990377132049,36,1587600
0.34199796011281924,51,1627774
0.16250380711565604,47,1581617
0.2804223907821147,51,1580257
