0.7429825702196952,34,16406
0.5367045052260028,38,15916
0.7785512995410031,45,14875
0.8113155059628554,28,15090
0.8933075666099182,55,15403
0.7784629237999373,28,15866
0.6342264540226491,27,14798
0.7740133006193776,36,15499
0.7558388910073442,23,14146
0.61486365694455,36,16939
0.6831209652627809,29,15962
0.7502627729697391,39,16351
0.6591735497306257,35,15134
0.5803446963677674,88,17331
0.6018354651017572,100,19969
0.7256893949852411,79,24054
0.7181486963496553,49,18477
0.7009234219875606,54,16183
0.8966596715272874,30,15281
0.7922287490382716,30,15962
0.6808226512817356,137,20242
0.791517509161363,26,15552
0.776563287386164,23,14704
0.8021197757147476,33,14968
0.735034941060531,31,18199
0.7777758206586617,61,17930
0.7876488616003626,32,14495
0.8045312233708841,31,15777
0.7522825148293789,29,14748
0.701851524271828,25,15010
