0.36762850409439174,32,18631
0.39629359246727647,32,18323
0.34341679798038005,70,21572
0.39999364294064765,27,18084
0.38407382413721824,46,18153
0.4014140356102034,56,18517
0.3591363991337374,56,19904
0.3899107945014464,31,18473
0.39197545878414664,20,17415
0.3946483064652544,31,17877
0.3352838201215229,61,21253
0.34540697089325423,14,17757
0.3131584123310598,46,18304
0.3454582597636918,52,18364
0.36099941133496993,35,20112
0.4126645243203184,24,17286
0.3683742701539674,27,19021
0.3436817527591951,38,17834
0.3127966618813022,61,20116
0.3859147715163701,38,17964
0.3850152779447157,19,18366
0.3696612265526815,59,20926
0.3695262619440923,61,19082
0.4092446215884452,30,18465
0.30791055398586376,28,18859
0.3482729677634312,27,19420
0.36183469454054196,36,18440
0.402344727652745,14,20056
0.45581603451117647,24,18492
0.48531341100232017,6,17894
