0.8807970887345711,85,2011332
0.8033899644188506,22,2148415
0.9058281728502166,36,2177704
0.8743460609305217,42,1576088
0.6425964790894865,27,1720591
0.8992606811449353,38,1578203
0.9182388515906015,78,1567634
0.9057459503448702,30,1580385
0.8449786395374711,52,1587308
0.8431112088444442,31,1587018
0.667102461860529,26,1578736
0.8793514518911677,40,1599506
0.8951375202795484,37,1578832
0.9206994375889973,27,1626332
0.8992383745282359,38,1644212
0.8931064602168008,26,1614521
0.11493225946717567,29,1503714
0.8110254024975501,22,1552339
0.8317224985744759,33,1602609
0.9116755536904162,37,1585513
0.8319043952509515,19,1573143
