0.35895386950852204,43,15431
0.413504450568959,56,16148
0.4278106734398289,34,16817
0.3757885483286105,42,14316
0.3877280851587769,48,17275
0.4089642998276859,17,14441
0.3373947526714015,34,12470
0.35396311567035177,12,14841
0.49391265880691804,18,15972
0.33106895583259877,55,17204
0.40959004416306,24,12099
0.34824040892119934,89,15688
0.2514998700962534,141,21100
0.37501477955379736,34,14105
0.2537902352267313,51,14991
0.3502320616859079,35,15744
0.460749944758411,32,12994
0.32894813869468376,96,18729
0.3155354880926725,30,15326
0.41229814249314956,35,13536
0.26256215896634705,113,17435
0.554444699817499,62,14025
0.43109853850627555,321,35003
0.44459747567905306,33,13702
0.37218175502526285,87,13911
0.16629127259294807,88,16062
0.32496638657765087,97,19322
0.3584895798261044,78,18757
0.395584090567879,85,18242
0.35825528917587024,74,15955
