0.1963487545159881,31,20096
0.13243660729950568,27,22415
0.11605663561486557,17,21238
0.12920670943162393,42,20776
0.263885198389307,29,21155
0.13122595766516154,30,21887
0.2070995915456172,30,21287
0.15354781236585757,22,20471
0.12163094245882666,26,20080
0.08170771697425949,43,21388
0.1803314963531928,27,21978
0.2553361281926657,17,21473
0.09259559053695754,60,22730
0.13349955812831027,53,21538
0.13253225698218818,31,20787
0.09998078702902835,53,21963
0.14138675666759803,27,21036
0.04910102123656912,61,23643
0.06419949869950847,34,22590
0.1395465395132951,24,21320
0.11973024153598977,22,21303
0.07141294514509822,19,21359
0.031361279653898344,73,22768
0.033602418447887694,27,22560
0.059253955374768186,27,21975
0.23405278037218447,25,22470
0.10402102330739504,37,21155
0.07046750764862464,43,22118
0.11034385190891627,19,22591
0.17697240929414215,21,20786
