0.2274390420612915,24,19500
0.06420804427863991,57,16988
0.1535620478105555,25,17920
0.2109639657686604,43,17469
0.14632318830884228,34,15585
0.067956746286718,50,16089
0.1343728789556331,20,18097
0.06248358009712285,51,15807
0.14551186537094107,52,14996
0.10271104913019624,117,22277
0.1852086783073712,69,16084
0.07136114748578393,133,28445
0.22925681838502054,29,15758
0.1791858051048132,58,17004
0.2488854769530704,46,17527
0.17142607577385127,69,17907
0.03212267514396949,27,16018
0.22968705089284724,36,15333
0.20845418881219335,49,15516
0.10507203801408693,220,25352
0.05606678008674626,70,17516
0.12170753113614119,38,15834
0.2317776512379096,48,14855
0.14481630099972598,26,17791
0.06730612622555887,58,17953
0.25516553474528325,32,15722
0.160089260223499,28,15454
0.31411996463142944,33,15555
0.28446487205064097,15,15640
0.07591668294049991,42,18839
