0.46786595371718087,72,19216
0.21938618164956547,268,31150
0.3437585252141042,91,19410
0.3700722061953885,209,25238
0.45323853959784244,75,20738
0.34938555401524796,51,18518
0.13231333192618489,111,21328
0.21902008357672786,77,20175
0.162792693479468,96,20953
0.19666568976463783,87,20154
0.40361911525699823,55,19002
0.338183952989489,80,21668
0.4580449380043137,66,20242
0.36582512949657997,64,18247
0.36206933899959415,107,22277
0.06835234673150381,94,19909
0.322755009462815,81,21244
0.3190778295530705,37,16693
0.2508916790302437,53,19959
0.2293811462258114,151,18662
0.5145121731637798,39,18034
0.3486829349258801,181,26700
0.33025509144960097,68,21786
0.373528003198749,87,22612
0.23364275499303155,62,21118
0.4156572667869237,34,19405
0.33352514695926505,58,19020
0.3807187871216915,37,19717
0.41316340066314605,106,20709
0.49900685228330977,32,17937
