0.02363909805147346,21,14747
0.19397785760685549,8,14836
0.06752412898786586,15,15733
0.28508304474464696,25,14275
0.06089437979441936,25,16302
0.19897650736503847,16,15209
0.02246630222974788,41,14963
0.04258526981740396,28,14439
0.07168365856131009,48,15593
0.11717310798721048,26,15327
0.12602551947742346,23,14048
0.025386950982530077,18,16572
0.08818673161626711,19,13684
0.15338766277646954,27,14583
0.11581969710952944,33,15392
0.03160474855941975,117,16755
0.03538371073004454,18,13574
0.06430167330848124,39,15244
0.0798394395062787,31,14581
0.021559396718547785,22,14670
0.073452038228209,28,17855
0.1070672284913502,11,15657
0.06692376914985132,48,15582
0.005977517649678132,37,14841
0.08691965102644394,83,17407
0.061740390274000134,20,15764
0.02154366832469612,36,15816
0.17132625435690474,32,16092
0.03075830469569818,25,16515
0.0036447968307928846,25,15516
