0.37720270945048817,27,17498
0.3912371512483078,121,18502
0.42518284118534866,10,17212
0.15589311882214574,120,18845
0.3814486371784437,74,17677
0.3400302596979037,107,21878
0.3401617846631948,64,16756
0.3894121153390423,233,30865
0.2944160359856528,35,16980
0.1896133065048825,105,28679
0.16896880573667805,93,18217
0.32975802747403027,244,25668
0.4027002823134861,65,18039
0.3733009658988994,94,21757
0.3495327296150059,95,20292
0.3802855741810778,62,17982
0.2898066173771541,215,27619
0.3648411280343977,60,17228
0.2989689899989194,280,31243
0.3491986506760555,317,40835
0.12305860551548065,153,21752
0.3816539424289601,36,18877
0.15384263332710524,144,21070
0.2774630148050179,51,15925
0.34089227896220786,41,16649
0.42578732943253006,68,16604
0.306802730359359,53,21574
0.22390046938044328,81,19280
0.32951572189271927,307,25878
0.3516101828536934,52,18009
