0.2622185618941888,51,2038476
0.27755670867145066,25,2296848
0.10649235740212515,37,1599664
0.33745882592471754,30,1601304
0.08557493880777844,34,1605726
0.30158785852493775,24,1635367
0.42683982663367626,41,1633993
0.2981059566825415,53,1614904
0.10926250593453113,66,1620461
0.1809179717818341,32,1602414
0.2418852716206702,46,1597003
0.0,17,1608913
0.30522660360785314,26,1679924
0.21146001536175152,50,1614339
0.0,17,1558282
0.23177657049413936,36,1595546
0.3469578058669719,51,1595519
0.0,20,1567350
