0.9818853282740185,110,24959
0.9606332959223315,148,25913
0.9855789963863653,153,25865
0.9898669329168165,148,27264
0.9762067461973714,107,17700
0.9761163459768911,71,17474
0.9789221776418778,118,17003
0.9851762160548984,53,16668
0.9713205385561772,162,18744
0.9839259740963943,103,17562
0.9570960556867327,82,16483
0.9758962280120467,30,16114
0.982118448545941,160,17763
0.9844044211001857,45,18082
0.9760779721911705,487,34038
0.9779520075680687,92,17865
0.9442443110535033,89,20704
0.9815335352429614,213,25008
0.9779768943112069,112,17660
0.9780108041632396,62,15593
0.9917761316173839,33,14253
0.9719212319678829,170,21734
0.9790264447793617,72,16115
0.9791325708740097,200,25424
0.9687245948659082,96,20303
0.982811229446732,55,16081
0.9699395634317272,42,24876
0.9735459637203161,64,20360
0.9801905027555438,48,19755
0.9617529403265442,209,27709
