0.8613984487741078,189,22282
0.8312799694754541,73,20951
0.0412832048392372,40,18796
0.8685119228962785,132,24580
0.9011187852277389,29,15555
0.850185799877244,108,20845
0.8220990187381764,40,16455
0.007835358822629201,31,16786
0.8346593516643348,37,18072
0.8613841446279746,65,19007
0.8999456656514753,29,16481
0.8875337623248797,124,22588
0.919750069017316,93,20234
0.8929342305860278,52,17408
0.8928935458162757,32,18209
0.8348280187829838,48,19402
0.8716972935581628,153,23676
0.7925803096605715,108,21439
0.8417412735560102,79,18998
0.8438187796676623,67,20164
0.8983816853396667,62,18845
0.7593486936588978,72,17605
0.8341512466207858,62,19488
0.8595659254729552,51,19096
0.909683110281471,142,23265
0.8768588135911343,81,20218
0.9048375607088898,42,15264
0.831017382129569,82,22760
0.8638727967521173,33,23343
0.9330309540935218,73,17895
