0.8873853233521445,22,11883
0.8803257924184413,43,12002
0.8376441715581423,75,10966
0.8881019830532522,59,11370
0.8200792942234576,252,22990
0.8679948283536776,48,11409
0.8486089275902612,41,11251
0.9051931382834915,61,13334
0.925412760104001,37,10420
0.007835358822629201,43,13873
0.933283509178275,108,11823
0.830944515073398,59,9764
0.8494965880337099,52,12038
0.8992748697000555,64,11597
0.9231974361545758,163,14894
0.6340879518413013,45,12221
0.9354440097681448,85,13172
0.8785876087722481,66,12613
0.9167811689269179,48,13353
0.9264321455717481,41,12575
0.8698402436800494,84,16270
0.865847104787679,46,11633
0.9474758702415288,3,13593
0.9160677790363404,93,13312
0.8233154309003908,78,15478
0.880755023895135,49,10521
0.8937698650753096,152,17061
0.8673402745304877,91,13478
0.8576804593659595,168,14875
0.8811872326184161,116,17630
