0.3349950582555231,50,20611
0.3555524982387839,24,16150
0.37403732606220896,21,15093
0.252179260432153,88,18892
0.36094294052493314,41,18096
0.3903841636711818,20,15447
0.3676306281319297,32,16520
0.3304212014111845,102,22213
0.33372168802377866,40,16513
0.35652066420133977,27,15519
0.34964314938317087,43,15627
0.351116076942235,36,17893
0.34026730745395173,74,18489
0.3313538681151392,51,17044
0.36309928496459465,49,17695
0.29350609169627884,50,16912
0.3493025588924379,48,18160
0.3676681108764771,33,16486
0.39732859964162126,26,16143
0.3711409281642277,30,16708
0.3970268289304303,32,17959
0.3623003165639571,36,15641
0.2803063804131791,48,16714
0.3907733783713653,65,18160
0.31746324173103413,60,19335
0.4082561498869197,30,15441
0.32286267331444196,62,18453
0.2798708907060886,34,17546
0.3941298260138917,34,16117
0.3569999630357281,36,15260
