0.2911584660412516,68,24364
0.23289200321531023,45,24587
0.22754884553997634,43,23912
0.44225044032096894,10,22363
0.3439452822225326,28,22952
0.36906383368563633,31,23778
0.3180467900358833,39,24120
0.2674572624995398,43,20775
0.31558859419123475,56,22470
0.3780912808179142,43,20433
0.41748144494214245,12,22923
0.10132223266008145,34,22689
0.39401938134354997,26,22901
0.38927775833981615,28,22125
0.1554162476471016,45,23677
0.3608786844177554,21,23116
0.3600036750291016,49,22544
0.22301129159634092,33,24743
0.3241808621511374,112,26316
0.3976142365307591,749,37645
0.24295979819548452,21,21985
0.3808605105885622,20,22356
0.3760578668672149,43,22999
0.378403122813714,20,22302
0.30766598150312174,54,24171
0.44871060164772325,20,23625
0.15709395143365434,68,23114
0.24530523024309836,36,25342
0.33325682578701954,28,23493
0.3964014483085897,33,22276
