0.07106972872649531,207,22602
0.09901614018718241,56,20303
0.5039015538989948,108,21575
0.23011361571230315,65,17108
0.09694531183167765,73,18181
0.4644719676274567,39,17780
0.2083498518631386,83,21234
0.08065492297667931,62,18341
0.17249877935426228,95,20580
0.3349481756675101,104,16309
0.17992763340508833,26,17839
0.11911468796479785,27,17649
0.2969716428283764,57,15944
0.1500398239936338,51,18961
0.6104595840722089,63,18651
0.3026124793235576,48,17234
0.23730236059321053,35,16119
0.286326400673681,33,16920
0.3816856315533178,48,18723
0.6168406765095876,48,15941
0.12307267016748658,58,19507
0.12382929579597546,109,20718
0.2734908493383569,26,18600
0.09247760433758978,29,18095
0.2218654798536427,37,16816
0.36698712223696806,28,18408
0.07283763180990277,35,17857
0.13734413186636774,71,19649
0.1757481087517262,111,20534
0.12502731156035263,43,15135
