0.9741550873436939,87,20870
0.9781012961744748,219,25708
0.974844654656239,39,18264
0.9735997247530012,84,17488
0.9742546859704646,73,18381
0.9776872518088774,150,20373
0.9703433321147855,130,21232
0.978340476367324,88,24236
0.9821383358925654,60,18408
0.9293267199037247,192,26868
0.9753532092794244,33,15278
0.9466791976453744,136,20589
0.9739213105592713,258,29327
0.979017442357434,223,25031
0.9831397083513391,65,17406
0.9757351409073818,55,18599
0.9844541074341617,73,34905
0.9791999924116981,137,24543
0.9896192594901698,49,17577
0.9766616838432836,54,16117
0.9581852497728284,107,18001
0.9726262588134467,168,23153
0.9823952993462408,70,17240
0.973860976879574,76,18461
0.9819680421642597,301,36799
0.9835751396661004,116,17870
0.9602371353586808,186,28220
0.9792697684071523,45,17427
0.9871413917424343,34,16195
0.9891163948699885,206,31013
