0.9576637214470747,39,18113
0.3931526906643825,23,17542
0.4612701056027584,111,22294
0.6365049926429205,42,19146
0.32643018607856367,60,17838
0.9067743299539885,49,17575
0.8656883135169164,137,21331
0.8940613483169632,39,16713
0.9522142174361445,21,14166
0.9613711370073672,165,28050
0.9190007702556895,122,24459
0.4249922478866629,36,16746
0.6955130519050856,61,16585
0.5546668925578495,21,15846
0.10114757124468421,76,20103
0.8235229646876162,36,16524
0.5219017176372713,85,16936
0.43325766299654367,52,16904
0.5656287256580241,57,24285
0.015460239005554488,77,20754
0.8233953276593685,37,16003
0.8446455224080254,74,17165
0.827634321858869,171,20483
0.271089953534687,54,18942
0.9216118536222897,53,16386
0.4730664768699695,76,19768
0.7818466119736607,28,16482
0.25557406845851527,95,20924
0.3734455165929019,22,15065
0.7858779031549626,35,17216
