0.5705978144629045,33,45404
0.2931290881529257,42,45214
0.2929693962533316,102,42070
0.43250025731572683,58,102100
0.2793354082498669,186,45142
0.38658586033013587,30,41976
0.4180755967035512,36,74935
0.32832488032942875,30,40596
0.29169642741478363,73,49389
0.5976591665540678,126,41239
0.47466277160634285,13,39673
0.2562023076871648,89,41847
0.15406850725873855,88,33553
0.24317282293182663,50,32731
0.5007423997536002,34,40780
0.5660151412272089,35,44298
0.4114895052499067,42,36649
0.2505178166324884,37,126165
0.2867127785136766,30,55714
0.5047953876529208,45,63737
0.3897586882736783,35,37754
0.236495327441257,100,47873
0.3860374762959249,57,39378
0.3356442640046172,74,38202
0.5389866143337281,81,35906
0.45205770691750924,62,46740
0.43417416600688297,48,50202
0.4850261879762584,32,36955
0.3272168843693538,44,31406
0.363647220606929,30,45777
