0.8142465193037691,56,20379
0.9148778072638741,66,20306
0.7807966047992473,91,19087
0.13647673519744086,35,18503
0.8899736419425076,59,18968
0.8385081818451259,49,19862
0.7931384926881451,66,22576
0.8695423144420596,72,21173
0.8908654031083921,56,20962
0.8064064790623084,89,21693
0.8472168577949324,78,22203
0.8795979241899021,44,18139
0.8456852068201606,147,23373
0.920277537915217,103,20686
0.8153279015092323,66,20449
0.9020359232446881,61,22169
0.854986467934715,86,24755
0.8789749634356775,23,18208
0.8564100001886563,56,21018
0.7994968337541684,181,24151
0.8424514746921863,170,27496
0.862476390044029,70,22049
0.901831210901535,47,20847
0.0,20,19966
0.8882566210511376,104,23005
0.8393024631989361,25,19271
0.8966479796066659,64,19791
0.7912926464025649,99,24223
0.89376518696653,69,22696
0.8346047438434239,69,23036
