0.4994885012542588,78,19574
0.46576133167621103,170,26678
0.2699288437698053,27,17719
0.510394329445667,10,19146
0.6913453748787484,80,19508
0.37759178061011567,46,17495
0.22318487872062154,86,18174
0.2140625419829142,140,22947
0.4694096337791861,120,22484
0.40014367321902744,85,20575
0.3344079141288788,71,19999
0.4212653463247368,25,17549
0.8264072937039297,111,20977
0.22589209856424264,56,18517
0.43122655179122515,17,16848
0.2914136644036872,56,17022
0.37092375146959955,58,17823
0.4545229210589783,87,22784
0.29422642273685784,64,18554
0.3302494527093517,33,18429
0.26035722703047726,147,20294
0.2721007128060199,36,17698
0.4535915699099381,55,17526
0.5298764315593623,39,18559
0.6828148079076621,39,16163
0.5451786650107879,62,20473
0.360843567922982,61,19164
0.4043549727812643,66,16425
0.14885415300994076,51,20526
0.15130328499654122,135,20612
