0.9805397543721831,60,19969
0.9740605460587883,280,28130
0.9829930689701036,148,21076
0.984256987740916,107,17975
0.980617854427032,73,18764
0.9785013220255082,72,15267
0.9966769476014721,13,13831
0.9734796202258026,159,19570
0.996896874430345,38,14326
0.9845279435505712,137,18069
0.9726002256602402,220,25199
0.9918163477773926,31,15667
0.9862435922604756,314,28408
0.9806071951486134,193,19760
0.9901671385458947,497,37496
0.9885875830437902,21,15747
0.9845483817535527,74,17723
0.9958350709547463,55,16530
0.9794253073862967,145,20569
0.9682216775002418,63,17725
0.9762595979028595,76,17598
0.9800857515919814,186,23931
0.9870756332918408,116,18291
0.9744508561119158,121,22667
0.9815367969904628,123,20377
0.9837988444434309,52,19307
0.9969402650558115,40,17766
0.983611094214191,47,15129
0.9937697285165153,38,16558
0.995177688530728,263,28643
