0.8972863583528243,137,19694
0.6685767362172823,52,13323
0.8329972688928651,114,15671
0.6890330993178295,32,11205
0.8923296324728598,53,14378
0.7544624160672406,35,12694
0.7030611685860628,41,12828
0.7449023242246089,48,13421
0.8167680996293949,83,13822
0.6833538805225718,57,13660
0.72866726221296,52,14328
0.766562443078635,38,13322
0.8370907948338361,21,11443
0.7491015673486179,34,12917
0.8597836918512763,29,12922
0.6979987499845518,20,13057
0.6512725616824235,42,13929
0.7804531477489108,31,18111
0.8357166015090998,71,13881
0.7684824563251575,165,13930
0.8599105852191404,66,15862
0.7693023317631734,31,13331
0.7213847248203084,39,13474
0.7700670712022931,21,11867
0.6076403063383672,62,16138
0.6528140109827737,143,16962
0.66399419277442,42,14723
0.7797604332895964,55,11966
0.8975797367390733,44,13462
0.7990973437754545,24,13661
