0.0,9,20698
0.0,15,24715
0.34149012585602934,74,22042
0.0,9,20867
0.3313139321132056,25,20388
0.0,11,22720
0.0,9,21064
0.3230537259458852,68,21272
0.0,9,20189
0.01981480609610664,28,20499
0.14729173297853337,68,21416
0.0,36,20804
0.09679640212322549,45,21956
0.17574452508412242,38,21886
0.0,9,21009
0.16247378383078148,35,22257
0.3063620593243891,35,20758
0.08468208129214927,31,23459
0.0,11,20545
0.2000145517338432,36,20472
0.33185077130238794,54,20523
0.0,9,22755
0.3227566188577419,27,20389
0.0,13,20313
0.2321492410403051,25,20517
0.1248464164176174,38,20690
0.32745911674711936,14,20881
0.13114547055400394,34,20016
0.24842385785920562,44,22364
0.21263915310444148,19,22840
