0.16668202293895118,41,36246
0.14173482851971297,51,39204
0.1996585424806403,27,61791
0.3029873523730987,61,52322
0.22675551255525872,64,30835
0.11060849598786371,54,34525
0.103294744972391,30,36606
0.18678714726984857,80,36421
0.26125886969693557,26,35537
0.23866011029084466,41,69736
0.33963182609113285,41,37208
0.17214140004684897,175,57113
0.44667470581970303,25,44936
0.2611116379407412,58,50022
0.4190008532340962,6,39686
0.28058596278362946,39,41004
0.3672981199451957,186,44864
0.41716047178361304,18,41612
0.16310195976193553,43,46785
0.34528105614622384,15,42692
0.39807088814253144,36,39680
0.3050954815427295,69,48210
0.24482109852826972,30,30298
0.2795303589614394,31,35193
0.3753302298935406,36,51592
0.22654397050084585,69,35278
0.2704239118467784,49,66466
0.2573641580602135,89,51574
0.3555468296956631,41,42379
0.1830648209647504,33,44169
