0.36567514264740153,33,2010939
0.386467189004569,31,2344783
0.35432766964215123,29,1687282
0.39204428511072165,19,1648031
0.4157199346928939,46,1605685
0.35533551701399935,40,1616772
0.32648169557532236,69,1626675
0.4001153627682251,21,1601146
0.4158670290672396,24,1630382
0.28377475560793985,36,1598011
0.3297012044732476,31,1596805
0.3954403321717799,41,1599518
0.41129535783460336,15,1652878
0.3781226179004439,26,1612346
0.42813795703855007,21,1548009
0.40409115280365304,25,1602837
0.4067913643379987,27,1585293
0.386014002893013,34,1583305
0.321387197846836,42,1588781
