0.30323672397022094,37,18281
0.2529335759940865,48,18682
0.0,11,17730
0.2387344770996972,23,17320
0.0,19,20270
0.11021471645601744,70,23544
0.39458160709882717,14,21437
0.0,9,21934
0.4929995076446747,19,17922
0.1307488866396178,78,18206
0.15669236465249747,152,21260
0.20647714915919146,25,16263
0.196539342982732,80,19634
0.3419362448985458,78,20317
0.379839381269906,22,15921
0.06489505060593825,44,21334
0.21841285063652116,180,24523
0.0,13,18283
0.15722941472009166,62,18983
0.08045014454203436,48,16914
0.08647382614189147,55,17151
0.23324983215470652,18,19098
0.0,9,20700
0.15063066658643465,54,19392
0.1560130356621362,62,22090
0.05656333454376461,151,25409
0.08077711556349798,90,20256
0.28689382474045844,10,22034
0.1684726569469246,23,17314
0.1976872644340969,33,18920
