0.9889486078378805,77,30882
0.9848080408092916,55,30342
0.9898641075499911,99,40110
0.9719572621440418,77,29972
0.9733454754311669,72,31668
0.9557755312879141,157,43130
0.9931564099592844,186,34238
0.9801441024796432,68,31422
0.98985847622013,38,26924
0.9843144413059725,56,31974
0.9744570094922401,136,35972
0.9723228398066938,160,41143
0.9947045224842596,214,39794
0.9924075408087386,178,41696
0.9891584916258703,288,49536
0.9884778719803907,207,42779
0.9858047520618024,111,34602
0.9909525604933525,151,37480
0.9946165522148754,139,31267
0.9814449779571945,189,48529
0.9695651470333697,33,27058
0.9624901684192382,62,34205
0.9958573123344484,191,52601
0.9956528804137567,195,34623
0.9967868609617706,141,31563
0.9637556178895417,41,26488
0.992245816656214,109,38150
0.9883132038245062,43,26590
0.9834177616831639,89,34536
0.9937402553514201,57,28200
