0.9817922830922032,47,19501
0.9848394281609093,52,22094
0.9784623695017252,124,21466
0.9781543145423166,99,21252
0.9806200714134662,245,21261
0.9840493415948162,70,21859
0.9968875233660671,30,21126
0.9852047462611646,115,22550
0.9779169170074499,102,20862
0.9813433440590444,27,19882
0.9888074714187877,116,23360
0.9761696828067669,78,19934
0.9716404975280889,258,23919
0.9890583521210858,153,21706
0.9824345594402332,118,21566
0.9930215509726292,49,18604
0.9775240461637776,77,21027
0.9835997102982141,95,22226
0.9958607757877248,23,18908
0.9737737858985954,78,18407
0.9774222727403956,50,19076
0.9752931269291563,99,22956
0.9721732978815454,90,22722
0.9822544057493466,32,19679
0.9803670829306478,59,22485
0.9794812000327446,70,24013
0.9465534138167057,120,23517
0.9968486036546972,42,20548
0.9834383588494897,53,21149
0.9618413906983803,106,22988
