0.1438333796596436,18,18812
0.038158346154875344,44,19563
0.15196400277723499,9,19774
0.10706722849135031,9,20876
0.2828955904078867,7,18279
0.15196400277723499,9,17920
0.014914930755806632,25,17890
0.15196400277723499,9,18870
0.028462530939685537,32,18332
0.07255197912765299,22,19594
0.09794296201445107,16,19804
0.10706722849135031,9,19213
0.019357376019334405,13,19865
0.38212507189283074,11,18316
0.24302125255354545,23,18670
0.24562559113079407,8,18694
0.30148173380023113,11,21003
0.10706722849135031,9,18423
0.018687883748884526,19,19417
0.013779319248103938,48,19450
0.10706722849135031,9,19465
0.39411196464128473,11,20002
0.1713774467534761,19,20216
0.025386950982530077,12,18871
0.13027011074679018,15,20731
0.15196400277723499,13,19851
0.10706722849135031,9,19109
0.035981241713858636,17,18841
0.19795553548662237,26,20397
0.10706722849135031,12,18920
