0.2331274320978458,34,17926
0.0,15,15224
0.3240915282938377,26,15003
0.2206142436442493,31,15525
0.23933321556189113,55,17552
0.419189390075699,30,14586
0.0,13,18035
0.29675099056911347,81,17974
0.3799293787682516,31,16669
0.23764574428941665,50,16552
0.022072006260407284,30,16392
0.32296472880132343,56,16830
0.0,13,14399
0.39728332741453465,27,15667
0.3059355297414471,56,15596
0.0,13,17163
0.07962596520250464,55,16824
0.31744505504410403,69,16478
0.20131338622384976,41,16313
0.0,11,16121
0.2636503834646753,51,14859
0.21864555286890397,44,16739
0.18999776663804968,32,15833
0.24640495062965395,64,19025
0.16646764681782666,53,18310
0.24503184923765775,35,17077
0.32654333358310794,71,17278
0.23526989899490158,79,20861
0.2680888777739374,26,16537
0.16841547485541608,60,16829
