0.9756475130116783,135,38942
0.9963876605516083,38,28381
0.988782482213765,74,37351
0.9864570275091198,125,37070
0.9933095929773383,226,44500
0.9854719522456666,170,42298
0.9819055862361757,90,35817
0.9822479329313264,117,34308
0.9891655373274374,50,31523
0.985819816325269,79,32124
0.9887668712585167,144,42792
0.9827188244094717,33,25281
0.9540929669739202,65,29503
0.9908472662914003,163,39564
0.9923099373506773,145,37015
0.9867210667252416,37,25677
0.9911073984767943,119,31843
0.9900161650527795,334,55492
0.9938761469686993,306,48469
0.9716979602251694,171,38759
0.9835506091891298,139,37185
0.9806127189690039,36,31261
0.9757667396315234,37,25539
0.9786454817129676,181,40823
0.995656196870445,147,39781
0.9821315584777432,137,35864
0.9827390486828568,120,41969
0.995183080029087,83,34031
0.9963800111942089,68,31250
0.9896082216333547,100,35362
