0.44042331044699934,44,20596
0.0,7,15521
0.40042486406485067,31,17002
0.3832163495456282,28,18269
0.3927514289615206,109,20974
0.44361318261736105,73,21491
0.2515545983690589,173,18338
0.03730175882984821,33,18182
0.0061534856788161285,48,16971
0.6323034850391833,61,17841
0.4103745002075948,116,22069
0.25498380446623825,152,27662
0.2783488462804795,77,21782
0.2143527890557908,73,21012
0.3419354564064879,81,22411
0.41362599040190895,37,16301
0.4616182477229437,49,22016
0.04890109349458982,41,16245
0.46289980048287827,84,20526
0.006935912546519929,56,18140
0.5148873698955243,42,17880
0.24638001003704169,63,19456
0.5062893476270303,90,19646
0.026814684296317393,30,17435
0.4628163088446723,27,16663
0.3279302541978021,146,20498
0.0,7,18771
0.04364468832309998,60,17493
0.4320416988435417,89,20018
0.1713116208029688,63,22204
