0.9398600392388727,183,47255
0.9498984651998053,81,61488
0.9050191105992647,112,59300
0.945582534540148,88,63224
0.8911090271076154,114,75346
0.955305353135045,23,53521
0.8800749497489612,56,59857
0.13749583148645672,43,37557
0.9369335182395337,20,50009
0.8067321840468831,145,50061
0.9139242198793929,65,42640
0.7999386550005884,281,66286
0.9237180400510947,14,53566
0.935910539629837,36,48521
0.9207112421231699,183,121167
0.2631575298590275,50,72798
0.8595191814188472,85,71493
0.938313802225811,172,62202
0.7215934723961759,154,86557
0.9332732093075098,72,44470
0.9539682490577525,52,78647
0.9209440205063156,117,47161
0.537280744489977,79,85250
0.8649705691225698,350,76367
0.8442893312224148,298,59124
0.9441495221028445,40,84342
0.878561821766957,393,65967
0.8218541070735397,117,52081
0.30549612795912817,43,63806
0.7927106548722882,65,77295
