0.36410560350251364,26,15445
0.35165762041178483,50,15145
0.2626891579515086,92,18118
0.3461027748130574,82,17916
0.34899461223873574,27,15960
0.30132569565921175,43,16750
0.23575632183578055,61,16727
0.15255475505733096,51,16149
0.219803081346033,22,15572
0.3564400134764458,25,14783
0.39635499123712425,56,19149
0.2598666452699083,68,17539
0.38394160514930376,43,15373
0.3792712623127308,22,14724
0.23356622740712396,106,17911
0.33735021829186607,66,17210
0.22865214371434928,76,17211
0.33672943876377215,82,21297
0.397939815654867,30,16475
0.14002321972201326,70,19898
0.355512851976001,44,15826
0.30891935273550575,39,15899
0.3756466485735368,58,16419
0.372571266015602,29,15242
0.3027053789079407,99,18475
0.15484901759809688,42,16182
0.24708022001951824,33,16942
0.15200893520759484,31,16259
0.39717373997754324,19,17056
0.3424882075960165,46,19043
