0.3239649752086031,60,17235
0.391128079853271,90,18585
0.273756450438673,66,19854
0.26132585987491486,52,17870
0.3951413614516015,91,17398
0.15463004191985086,102,18955
0.4057762843002921,66,20304
0.24669601192675905,77,20364
0.33082755048956736,37,16576
0.34172126732391106,51,16130
0.3594069880556455,26,15636
0.2827915006881212,50,15960
0.2775515808820038,203,26009
0.36267799141611223,90,18180
0.30907741294356395,65,17506
0.11604642441501223,118,18665
0.3651977238996832,30,16862
0.3274713652139495,26,17445
0.2720865280808107,75,17012
0.370300747979213,187,20402
0.3608776692426453,33,17843
0.23449149076030606,45,16013
0.4141815118126638,94,19583
0.3418261612763337,128,19027
0.29928096072396837,162,25795
0.3480260700808673,99,21079
0.2286793055292934,51,18349
0.3669551690557332,69,17749
0.24113965444042795,85,16773
0.09941657570951601,58,17093
