0.08310344370355305,27,19930
0.07769961334722708,27,18983
0.09415168068752677,16,18285
0.287337063660729,19,18005
0.07484238634155815,46,18690
0.03071851828144967,46,18901
0.1919141807241963,29,19350
0.32454610037499587,34,19021
0.24054460746697637,61,20005
0.27712059189411686,25,19297
0.0343227089170558,73,20834
0.041198444955209634,62,20069
0.06138670572460592,26,18632
0.18166911630534743,27,19168
0.24553032548623888,16,19060
0.2843624029105668,22,18342
0.15496049295724368,16,19312
0.12275172738347451,24,19818
0.2380069457297913,21,18777
0.0502853042637561,24,18869
0.0587120512021595,42,18703
0.17068930665154347,22,18658
0.14225417896853398,22,18106
0.11524421797026974,25,19229
0.16533360947634212,23,19026
0.009889209165962143,32,20679
0.06759899272402348,24,19840
0.14012769392484026,20,19161
0.054007715306761295,27,19221
0.10554659804489419,21,19440
