0.6747384456906633,52,21258
0.5286032710713819,35,20875
0.7109023884737993,114,24505
0.5928634815850473,57,19598
0.6379128362793718,122,22943
0.5385471239323166,27,20796
0.5401738286766304,118,20782
0.5238880483296944,78,19063
0.7191914357986142,102,21326
0.5235007818400155,38,19037
0.6786895224247441,39,19571
0.2172303735547524,160,24271
0.6793509964327404,68,19260
0.4508902431611983,21,21388
0.4111712184972096,48,19440
0.5204513770038397,74,20106
0.4213462460218831,173,24513
0.6593997379721552,74,20497
0.45739890319829357,29,19227
0.37686408663060766,155,22612
0.6492200292063155,365,26440
0.5705393016075575,235,26301
0.48192311364248896,30,21453
0.2270833193838261,55,21414
0.4940237016546343,105,21795
0.641550815586934,134,20850
0.4852338090887858,124,19549
0.2851292392573844,76,20636
0.3472845878676105,69,22759
0.7029473752986977,143,23675
