0.31365426708172917,12,19968
0.3321784036600698,87,16771
0.0,8,19936
0.28608624540164407,79,18091
0.40893220659857243,54,17811
0.36473406974499567,158,24161
0.0,11,15411
0.07355406703666567,19,16678
0.13928360897236058,184,25394
0.0730514330956451,25,17964
0.5708886138260965,155,20105
0.2633362104197823,33,17279
0.3875382483803531,102,21830
0.07892739559962314,71,18974
0.3288413020644222,33,16758
0.2521028452539549,71,21273
0.2837585921062379,48,16041
0.237228359556222,103,22577
0.2444292820576217,71,17816
0.46295468798246475,80,16109
0.1782615137823752,121,24113
0.22269584589206215,48,16735
0.17275496221710007,61,17022
0.14616000034198862,95,20071
0.25908344534112204,56,16894
0.0,11,18567
0.12011019618659724,83,20973
0.3287473472421092,98,20549
0.25999032280799284,174,25340
0.2560839441682943,101,19000
