0.0,17,21871
0.27440156507037916,22,23453
0.3145468060452581,52,22118
0.14216207172253015,30,22510
0.28093493514465595,30,26600
0.0,17,22122
0.0,21,22400
0.17646561790249216,94,22497
0.20152623589825913,57,22762
0.35260702916369613,32,23084
0.34171394447715464,71,23784
0.3683724255220181,37,22437
0.17825956793948838,29,20793
0.06386002039877747,40,23231
0.11655794740985292,41,22731
0.33032070005042247,18,22139
0.24927451635580544,23,22353
0.41326076393416133,41,22617
0.29694943588961975,27,20898
0.3260568417650227,29,20492
0.11484810847635085,120,27110
0.2478919333472095,23,19810
0.15379008253064896,42,20853
0.24026731291168246,86,20997
0.26767458969280533,33,21983
0.28305897928363,53,23575
0.22623657529963448,48,22596
0.19981293818046453,27,22328
0.2340421085512333,29,23715
0.19120245858696883,29,24531
