0.7281887491785557,27,17488
0.898337801630782,53,18567
0.8913656384668107,27,17260
0.8170475163509467,34,16964
0.7653287155561644,46,18253
0.7386375089659007,16,18932
0.7139047055053311,26,17245
0.8098830860972657,20,16077
0.8396422377276243,12,15380
0.7661702651818543,41,19164
0.7707401350257339,36,18172
0.6986321368283204,28,17477
0.8071416406434255,10,17262
0.7502567431087649,11,17481
0.7775201656585171,13,16402
0.8987822811868298,22,18143
0.8690787606385609,36,17029
0.7070191374707495,62,18310
0.7985122342443622,24,16513
0.8925022875050199,21,16203
0.7970426487273297,44,18174
0.8200584277626166,12,17693
0.8635667336000201,26,17093
0.7862347477339489,23,17382
0.7397164502993754,50,16731
0.7328532490495914,30,17419
0.6749129228986366,54,17160
0.8115123699133402,11,17300
0.7379694364220545,26,16616
0.7517606690408284,23,16727
