0.04874708504647596,43,14687
0.13535842513396945,21,14477
0.1308156512087041,46,17788
0.0554688487859647,54,16915
0.16750496868215414,22,15086
0.24738393671513093,35,13864
0.10442497134480488,23,14082
0.20751815507452853,27,15716
0.04120623790825728,34,14742
0.10534717034851893,34,14352
0.14633700290636364,78,17388
0.2374427337372399,35,14460
0.13772796790073938,34,15048
0.21929196816907304,18,14679
0.2684973279576448,21,14611
0.11325402441700683,22,17178
0.22058470088654458,39,15074
0.08758498520418678,132,15519
0.17926300078919366,22,14453
0.2718655256602249,117,19504
0.2675111264863521,56,15036
0.2973117712109673,14,15150
0.06443737094729929,42,14781
0.11885708705206544,21,14311
0.14208724542826623,24,19697
0.06509810641117131,80,15797
0.07359687563130168,130,18540
0.033445268038536646,47,14868
0.09851796142487979,64,15818
0.10898244275851043,34,15467
