0.0,150,13481
0.38987558705488456,35,10782
0.29097949856770244,53,14465
0.3911129057990843,66,14356
0.300114642490547,55,12688
0.2235218884614112,48,13327
0.6151908923142742,40,10642
0.3211565548001829,25,13566
0.269221025435169,187,21127
0.26387880609035486,31,11612
0.3315875757970006,69,11973
0.18640901501498175,36,11149
0.24034541508620288,29,10118
0.4515626768277168,39,12346
0.09582743004316119,86,11519
0.2943654762700979,26,10356
0.18394638735183033,77,11588
0.42091993081138135,51,11017
0.2432884312343757,23,11855
0.5718502983012708,46,11721
0.26238147777156584,49,13255
0.24210835999796543,112,13461
0.30698143417057144,176,15087
0.3156717957090234,25,12879
0.5354540886091729,40,12170
0.30759612653681256,67,10950
0.1608845631042053,73,10887
0.16375180754022656,89,14027
0.17525028129278952,46,11773
0.3091040387530538,50,11963
