0.49589060595402235,42,11950
0.18336999479018412,67,11646
0.04630318051075388,37,11586
0.4491963840771943,26,9051
0.047740445758386096,22,9809
0.564643997890386,22,9828
0.117026948289921,266,24291
0.1179319964505362,76,11904
0.4228516214249707,40,11048
0.008576415720399244,34,8915
0.40962163124919215,88,13402
0.1318431651312728,38,10522
0.019968259732982552,52,11386
0.0,23,10591
0.4149488818927123,46,11504
0.5235229906739731,30,11477
0.42500746505962794,83,14079
0.6103000925677899,35,9844
0.5841180319824368,33,13966
0.018819828159937768,22,10703
0.6071364736282681,48,10878
0.48028246801154495,38,11093
0.4001366765838711,33,10642
0.1358110609613019,69,14744
0.379092701013672,33,11330
0.0490293140745961,84,11670
0.26284611612519704,63,12465
0.05034952841511242,17,9923
0.06771901242739342,37,10728
0.11668461578218192,45,12202
