0.3373564663304417,34,50636
0.0,9,43549
0.2178914795525979,30,55289
0.48249088427145215,9,52090
0.3103419887526381,36,75292
0.14137094735081945,154,65778
0.30136225769262204,120,97066
0.47970123053045877,51,71202
0.5537683689421316,15,55670
0.3774545704439851,10,68047
0.0,9,69913
0.0,11,69212
0.23308986331713077,58,54901
0.5381466356767337,37,56982
0.31034198875263797,9,85022
0.2220233017248211,64,72902
0.040424577952200114,45,51078
0.3267888384261781,113,63625
0.07443435347567617,73,36911
0.16189158013343474,63,42296
0.2855151714096682,46,62285
0.36984866061586585,26,48064
0.24936539142280467,44,82816
0.0,70,68614
0.4332958283611805,12,65565
0.0,10,66322
0.43010826253723244,79,61504
0.2607151870281552,61,45772
0.24338347293781115,42,59318
0.2700843394074923,64,73364
