0.0482769167469258,32,20752
0.44478198566429583,47,17950
0.3833876303739484,9,19331
0.25238675249406606,8,20156
0.409107159378416,64,18519
0.0,11,20609
0.0,11,18188
0.4166139019107098,28,17532
0.42398909119178885,22,18303
0.3191654278227528,26,18048
0.42939979614613155,56,16749
0.0,8,19276
0.2985416642747063,18,19135
0.0,12,19880
0.21896674303596697,40,18912
0.26932101225284877,118,19684
0.23028454125067888,64,20942
0.04385530625108225,23,19099
0.01224249772418362,37,18900
0.031750917409979706,26,19432
0.2978155015998989,59,17805
0.30844919749594846,37,16608
0.2662815966794789,45,20987
0.0,8,19772
0.33234476647783884,29,17867
0.18677659510253697,30,18158
0.33174481680928847,24,20410
0.19445280364577944,72,19749
0.22604885071861958,32,22030
0.39245783729607353,64,19526
