0.07114846031761257,26,12918
0.013820027350515462,24,14575
0.03858931277760713,38,14955
0.03568062115437498,19,13099
0.019199235192782105,24,13717
0.06712866760716196,34,14428
0.12943439839468018,44,12451
0.02885900724726731,53,14826
0.03619287283830119,24,14104
0.28548681341576343,22,14931
0.053236170952237205,21,14686
0.09249433722125522,57,14673
0.06269650885542455,33,14039
0.044409913151914115,34,13640
0.01681942553797433,40,13160
0.014619953991791168,24,13245
0.031113251319892177,49,15023
0.22300995265179024,186,26852
0.11764816671025935,29,15537
0.016554846298626025,27,13211
0.023747345431714972,22,11786
0.12684997270666942,32,13647
0.023782090379251275,33,12855
0.07011167362776505,75,18484
0.05183142481034775,19,12009
0.015958030114502142,23,12420
0.06913682758842177,29,13666
0.12940912404644234,22,12223
0.0807597189613759,34,14519
0.16644429715624576,55,16609
