0.9126022584793012,39,17878
0.14757939529824116,38,18002
0.6258596782533559,26,19446
0.8841368347648686,42,19872
0.9011388403275616,36,19598
0.9000266988077628,68,21238
0.9208424991595311,10,19076
0.8868343500926648,91,20593
0.8502956153990754,59,19123
0.8968061706843238,37,20471
0.8888129385493171,38,18562
0.9013163730264585,78,18606
0.9124624702182783,23,20505
0.901656940275332,64,19247
0.9255998527280778,61,18979
0.9093850913534224,60,20460
0.9132687539401199,20,17980
0.9307377309801964,29,17547
0.8718926044569264,59,20188
0.8860362317150567,44,18095
0.8958821138508982,32,19674
0.8965938174314669,33,18118
0.8992865504856823,54,18877
0.9254188890810715,45,19434
0.8635113738279647,73,19123
0.8782975134046891,86,19676
0.9246556586754388,28,19074
0.8982617307295593,33,17611
0.2788221436809588,204,19224
0.8826406651369978,92,19185
