0.9739338094112442,47,19452
0.9863207436843021,29,17077
0.9969675873227674,14,17302
0.9844957879354008,72,16966
0.9884401149250014,83,21178
0.9845950023411367,46,17252
0.9838547692700033,73,20192
0.9847861054778712,101,18661
0.9832752721637186,54,17422
0.9719581961259913,138,19529
0.9796757494809512,238,23212
0.9819684220105341,54,18806
0.9810096544397033,47,18781
0.9772672584366022,137,22220
0.9836180981122948,50,20606
0.986498051195101,18,17506
0.9817524498859493,40,19244
0.98164903537511,118,21602
0.9859565785233132,52,18587
0.9756578734019473,87,17932
0.9869414350272524,15,16861
0.9825706099102777,49,20743
0.985923125422487,58,19579
0.99429126582788,77,17896
0.9907781792424247,80,20627
0.9857363734081411,77,17933
0.9815174049957108,59,18650
0.9906232852795666,80,19906
0.9936171226973597,25,17009
0.981804999224695,57,19504
