0.0,15,18901
0.0,19,18003
0.22335081482300834,24,17649
0.25921871161795973,46,19027
0.3493464681563686,26,16323
0.24027684450990194,40,18314
0.06777363122323243,43,20763
0.050080066087216046,24,18001
0.0,17,18450
0.22046816269142921,80,18994
0.0,24,18763
0.3035505045610044,26,17690
0.2332028927443489,38,18600
0.12151802486642072,37,17775
0.11018890840975049,26,17684
0.053102208173885446,27,18174
0.2885815636725022,39,18027
0.19595410947434044,47,18354
0.15157260217841528,51,19350
0.11090294365249886,35,17678
0.3181159449595885,22,18944
0.22558140653619296,31,18230
0.013858399311192815,37,18772
0.0,15,18267
0.0,17,18047
0.24747230256306474,25,16985
0.13589786583764818,30,18136
0.0,17,19340
0.23887515708662566,26,18177
0.19906073379351163,46,19212
