0.18158873729426062,95,50421
0.6191894334266297,122,60339
0.5444309933746693,33,57590
0.26834638872766425,204,42499
0.36351740496133467,78,57179
0.581329422283757,17,52682
0.4850469539786849,108,45555
0.18579960271184115,86,41833
0.37713609192215436,203,75764
0.4829503510988017,94,60071
0.5422158763591812,32,58406
0.42771108089369114,66,64328
0.20641121893489967,134,46797
0.5003948563803602,68,36387
0.415190133224969,22,51710
0.48763432402213536,68,54184
0.32629437149387897,102,67983
0.4800707320468658,54,48059
0.5844043349336708,295,50684
0.5634502185102054,80,96694
0.6831631845236372,153,55911
0.41919536209503006,89,48510
0.601840342520982,56,45801
0.6562064258233429,89,60019
0.4120218943787368,68,77334
0.5754828129350914,25,46261
0.49061137886700734,103,70284
0.5365524165160762,67,66425
0.2544470931000572,439,70101
0.3848345837796636,67,42766
