0.9394612186566708,49,18633
0.8233810995703642,130,22905
0.9469988143606605,22,17029
0.8160844035760839,84,19458
0.9547134729739569,113,21548
0.9467228570924685,38,17884
0.9190016010402049,66,20482
0.9021132675276318,86,19854
0.9329452060816821,41,21273
0.9383546878008713,80,21857
0.8658848401056739,111,23428
0.947567329931543,30,18774
0.8916197276181017,54,19502
0.9628621205224183,116,18154
0.8770068041062663,64,18869
0.8977765303207085,71,20330
0.9540005373422275,31,17413
0.8216853682474169,86,23507
0.9377377980537688,43,18708
0.8479208194852714,30,18604
0.9494433397823073,68,19799
0.91714637108293,124,23833
0.8441206774590263,72,21435
0.9541689840833529,84,21915
0.9491405996083886,47,18757
0.9334836575013123,73,18163
0.9289674296997414,93,20911
0.9218438840495281,58,19564
0.9620541023302225,64,19523
0.8985476102078115,34,18474
