0.9357460149342679,91,13400
0.880696255833562,50,14610
0.8585648596609258,84,17293
0.9321180342142206,44,13932
0.8458973405691044,32,13136
0.7668365209983179,47,17121
0.8640915815074787,65,15344
0.8595092961728898,120,18538
0.8808412503792346,119,17727
0.9090386838350523,131,19155
0.8238384671203901,192,23949
0.852476845264801,26,16026
0.8749374735368844,79,15737
0.7778920790660548,107,15183
0.8859212758275411,102,20238
0.9174701608317248,79,18187
0.9420710945676223,70,15698
0.8276138760963705,47,19970
0.9101918884152981,88,20010
0.8796299427305951,56,13877
0.8598101152177239,109,18816
0.8798925765026799,39,13095
0.8385805661420103,42,13846
0.8442925035769634,207,26672
0.8785172382144077,113,23649
0.8306370863843524,80,13611
0.8819878111171514,40,13332
0.9030795181496654,52,14761
0.9439719303243862,38,13316
0.8613713173313402,60,18377
