0.07648513803021739,44,1972778
0.01738689971165397,25,2086319
0.025386950982530077,12,2227090
0.032222969716365846,21,1566760
0.028935273170929032,28,1587885
0.007932918881443873,30,1573298
0.04709578286761107,32,1589106
0.07861305303463695,28,1579920
0.027330970527555842,17,1582448
0.03545403656246049,26,1594799
0.016326615516024323,21,1591209
0.07237869056198776,21,1585543
0.027330970527555842,17,1574671
0.012630518464718188,24,1594861
0.020923381612722336,20,1585897
0.010470410620150417,28,1674275
0.03938737994844077,22,1514098
0.025386950982530077,14,1570021
0.014657545050600462,26,1597619
0.01762501026224783,33,1576931
0.022738480024531715,24,1575166
