0.5105029180601195,102,20473
0.30323882629504006,32,21527
0.40082032211607654,48,16839
0.48997465023893616,81,17511
0.4922564215167091,43,18450
0.26185044518109246,53,19907
0.45662077798719836,32,19086
0.43272231666804384,152,23123
0.32993758111719007,145,24649
0.5328146500837855,147,21274
0.4850338702872128,33,18559
0.3491817724573911,128,20376
0.11793099190209111,57,19068
0.42476381126854146,72,18741
0.4738963259178349,41,18577
0.40400537234507394,56,18559
0.48849340470807445,78,20533
0.3035341413849585,170,24324
0.29565365552245026,98,19119
0.566109395482121,96,18540
0.519727229268207,76,18503
0.7729910369530182,91,22444
0.2602694715534838,61,19877
0.49190658142762256,56,17466
0.3844932557717079,36,17012
0.5232755951003007,22,17101
0.4912273393764014,56,18342
0.28652393430148215,98,21407
0.7578503188028554,70,19644
0.47046463546424877,34,15788
