0.5785117657914609,56,32242
0.41748144494214245,10,62975
0.2812806646780558,96,34440
0.34208309179097784,94,31903
0.37922771234160624,53,36610
0.43198504516824043,225,47285
0.35417070377593907,50,36123
0.33655766606682636,101,45400
0.12081354130197641,227,68313
0.4195304097912058,41,47609
0.24004748811381726,47,51772
0.31522638252678925,363,46118
0.3314445928484382,53,39261
0.38945049554418,43,38809
0.21861473024597444,110,48707
0.343090814415998,58,46540
0.2705157051611137,160,63646
0.18135598245048823,67,40021
0.14334843770138017,35,37653
0.4442805203125816,32,37639
0.19789016564483963,124,43921
0.24524482657985802,137,45880
0.311064413934685,247,44070
0.3198480974214427,269,40516
0.44233822252848776,18,61070
0.3162399369877489,65,40382
0.40568444991724817,24,35841
0.28736047005927334,109,66072
0.36189477253186664,86,45238
0.36422113014576185,60,39734
