0.4400486946401062,61,53809
0.14993156989020884,27,50711
0.30687790518211433,14,54508
0.4442242931269714,60,58738
0.5943575436207738,53,54387
0.2826180776622488,20,57915
0.33143773178928926,35,44186
0.2116447368938248,72,51340
0.18104495591742298,207,59980
0.16430587905707694,54,45553
0.16011915963046885,17,40269
0.22365960522203987,54,52335
0.36271604284224224,11,42916
1.1102230246251565E-15,119,35624
0.3513054422468316,45,50251
0.16581910780713682,81,42845
0.12889284154576586,23,59094
0.1452954334893114,15,40277
0.31413801458750756,32,71499
0.11634122718537876,59,38672
0.3343326575940939,15,62627
0.28243509774842257,67,63137
0.10695304319189725,42,43968
0.20140875492772192,88,43785
0.48028356932628236,99,83856
0.23878408877356783,28,46838
0.11579236123085868,92,62840
0.09761280820704898,67,52635
0.14963191757128347,23,55034
0.12182907655422492,47,46277
