0.3513778196408597,35,17744
0.448216016065738,68,18920
0.18785127593069428,69,21281
0.25703055443203426,79,18027
0.6205179176001647,102,21072
0.41247860494337096,66,18124
0.1830087792324111,49,17981
0.48466442465023685,18,17677
0.5358465034308271,79,19147
0.2580793442614413,26,17925
0.0,11,19271
0.31814407044636106,52,19918
0.49936466973260485,23,15088
0.28052601076409267,30,18161
0.349207304851776,137,21128
0.6491014197113623,38,17952
0.3194111816459654,62,17272
0.248790178826641,103,20142
0.27768910098990607,23,16356
0.29637069636186464,257,24734
0.487438531218063,169,24657
0.5505853077346414,51,17842
0.43662986695632555,28,15989
0.23881874640112344,59,17976
0.53116529215407,212,20030
0.1624711718833638,63,18446
0.4868273397977245,34,17356
0.3462418044948905,45,19395
0.0,80,19879
0.31629384720101794,36,17758
