0.9596911401251679,182,27053
0.9518544094303865,109,20711
0.9186031273772852,149,20762
0.923497845875378,108,24020
0.9589248218588351,49,20296
0.9526109362882976,95,21255
0.897586328113213,38,19406
0.9484783862344327,115,20634
0.9494113236549389,86,21392
0.9503160323349447,80,19755
0.9031111667486061,227,26913
0.9024920301312406,90,20436
0.9448888852754211,140,24479
0.9153463033223581,103,20070
0.9308625419928666,142,25861
0.9056006112479499,151,24435
0.9162823180383864,81,20606
0.9250372856425728,198,23265
0.8828515851427667,95,20230
0.9308049176379894,85,18807
0.8247237268537047,116,20377
0.9117675180281151,102,22519
0.9442187208093921,218,21456
0.9374494518430099,79,17308
0.9204508225476723,145,26523
0.9510016732925275,102,19409
0.9090032039261216,91,22077
0.9214446213676722,121,21330
0.9715048566359744,77,16815
0.9542956743195501,97,21796
