0.13938035984582942,20,17730
0.19282074140276007,17,16636
0.21578283755465555,12,16567
0.19397785760685549,8,17978
0.24562559113079407,8,16593
0.032562780470882347,22,16578
0.0466721398523996,20,16486
0.023483693756887192,17,17409
0.025700887522034144,21,17022
0.031008679269227346,17,17250
0.19477280462494695,8,16992
0.07242731185977891,31,17421
0.34751111050130046,12,16610
0.10706722849135031,9,16365
0.24562559113079407,9,16585
0.19477280462494695,8,16247
0.10706722849135031,9,16539
0.03751909907333584,19,17442
0.24562559113079352,11,16845
0.13112777827119992,17,17141
0.10554201954450271,23,18664
0.07033284646664328,32,18211
0.025386950982530077,13,17462
0.028571229707936463,18,17115
0.10603067879084183,22,17198
0.024133125445848114,20,16701
0.014189644831801296,20,17458
0.025386950982530077,13,17467
0.0193960068218354,26,18367
0.10706722849135031,9,17158
