0.8806735278965527,66,19651
0.9590749292960877,21,20173
0.9425483052806427,42,19142
0.9528564266794601,42,19075
0.8530412554037665,36,20581
0.9434697202840113,202,22642
0.8978583290319485,56,19988
0.9474804982491866,72,19049
0.9497269725051388,34,18662
0.9606910591497728,41,19023
0.9528334780441035,50,18799
0.9685570323561155,67,17797
0.9146815467627873,131,22267
0.9257316421238772,90,21748
0.9554149267607275,65,19426
0.9227026234985253,146,25239
0.956332241628806,113,18762
0.9607514358089385,49,18184
0.9589243858056743,65,17587
0.9636874757432226,51,18598
0.9527929020364796,42,18722
0.9321967735216893,79,20890
0.8713534589050407,51,19123
0.9204808828141166,139,24070
0.9574823284265407,108,23183
0.9656054532746393,25,18015
0.948406407972941,57,19450
0.9509497489627508,24,18058
0.9640685891500093,48,18103
0.9410748489992155,36,19161
