0.11816033376179225,106,14659
0.17581311072167938,21,10311
0.20229071611146676,34,11197
0.11931138279281606,71,11000
0.10503905231867794,59,12038
0.10734854235012992,25,11328
0.04671400259866709,27,13598
0.10844340050047574,93,13046
0.05527210604450883,64,12389
0.06992192634488625,44,10681
0.11598429446409608,54,12500
0.0734617322815464,26,10432
0.1061076453500791,49,10358
0.03131605431049789,51,13399
0.03234234503241873,36,11467
0.050491450324273934,279,26383
0.10249092695271456,23,15277
0.03764907551843655,85,12866
0.0443947598019242,46,10069
0.04006736145726175,43,11113
0.04512876677348432,48,14297
0.11949731249874462,84,12409
0.0624245348342245,164,16553
0.06350268818507077,39,13162
0.052394884070043224,76,21122
0.12058453652225287,84,15960
0.16407376192520484,40,13776
0.08748755616157966,40,11525
0.04189064692576716,46,11354
0.06555383259253145,62,14098
