0.4099116329565283,62,95575
0.6959010034052059,136,45063
0.38500889768030555,85,57427
0.6329513190671197,116,62428
0.5463457421358172,389,54777
0.4396486611918179,231,57386
0.3639436566180895,42,51696
0.563634859228363,147,50977
0.5727752677478588,128,57932
0.4288677504883477,173,58503
0.24476522234391307,111,56302
0.5314483943579816,77,49980
0.3773988398372835,45,48446
0.4778053105611465,66,74670
0.28529996178785466,324,47424
0.5407333561819316,180,45341
0.2982416165337345,298,61476
0.47110144155372957,116,58698
0.49944878036694795,90,61020
0.5297523849857126,218,47593
0.6255584895915935,218,59462
0.40906110683127284,25,41281
0.5586235360317153,183,43630
0.4852692281709252,79,83667
0.6911736121287535,219,45123
0.5089618480957679,347,61745
0.2356440394887802,133,32879
0.6488369879561788,236,45793
0.5700042195308608,111,52166
0.6561005828461381,67,48315
