0.0834142075845914,26,19778
0.04639141916620104,82,18545
0.042646409818580255,90,20890
0.025098398690240553,115,20239
0.040198628199690445,42,19789
0.06546959124228247,45,20765
0.1457264471332349,12,19031
0.06187514841358055,35,17325
0.03127141223233143,65,23646
0.05115002635471333,77,19977
0.1279679660219759,48,20458
0.0615296188789195,34,16827
0.026209581075433808,54,19083
0.05532933843361332,37,18294
0.0851442871075404,24,18179
0.05743971720445984,50,18866
0.048861240383510696,28,17240
0.15141849327429358,40,17583
0.13910483069089685,196,22072
0.12853956447238213,79,22635
0.13155926092232573,53,21231
0.020834919706921973,72,20229
0.04916057718159139,37,21042
0.1669589280071906,50,18921
0.056018410358290804,114,22200
0.133395101603489,108,20438
0.0621641507742422,280,22513
0.055153978670781756,61,18589
0.009157550587991059,107,21780
0.06198339751997195,27,16701
