0.1318431651312728,7,23227
0.015267468793217831,23,20045
0.0,7,22009
0.0,16,21362
0.0,7,22772
0.3791520308272458,38,20195
0.4617873456422187,46,22622
0.0,7,20691
0.1318431651312728,7,22829
0.07061005342693394,27,20972
0.38275102851300036,26,19858
0.0,7,20903
0.0,7,22106
0.0,7,20059
0.4107695300102364,12,20416
0.3527604792215384,59,20516
0.0,7,23341
0.0,7,19721
0.05981430974263591,52,27286
0.05432124046318154,26,20697
0.4234843251266618,29,20633
0.07590401594587226,20,19479
0.08533882028783424,79,22095
0.059930271302907956,28,22714
0.1318431651312728,7,21872
0.029118734256688428,30,22251
0.0,7,20790
0.1318431651312728,7,20976
0.1318431651312728,7,24656
0.03360151244445364,12,20715
