0.35361619826556534,111,24235
0.3436008737215539,30,22713
0.2996193031705642,33,22111
0.3380827082076534,32,24500
0.37913776253388176,30,20493
0.39011162271788036,51,25465
0.3888401009142328,60,22574
0.38908229862474764,35,21556
0.4100015559178911,39,23536
0.40580355224136266,39,23006
0.42493850879987927,40,20940
0.4096461692569544,53,21814
0.4003750100502269,42,21520
0.36399480771696824,64,23281
0.42120240320813784,32,22194
0.39893413223344654,26,22503
0.37309471887496193,34,21202
0.4309544041716177,42,19966
0.3207878112918411,43,24524
0.43491137449731554,48,20638
0.35428917160237405,34,19931
0.39671919586464643,37,22388
0.37365959174139285,38,22055
0.4410024741916143,33,22152
0.40218416157711845,17,18789
0.406033244359445,23,22017
0.406617012263069,26,21331
0.3794111257241952,51,20175
0.41019303397127616,51,21451
0.336431512056627,17,20792
