0.10645433152549122,26,16594
0.059360566499939815,27,17708
0.18859243992164743,21,15809
0.10244851177761383,46,17562
0.1582930162081495,30,16915
0.16414489683188171,19,15612
0.16253033346698975,24,17046
0.2251582691133469,19,15937
0.16860442732703362,41,17490
0.0821577636374099,14,16711
0.11670712133511774,25,17748
0.07776115418217033,45,17640
0.1512128353001252,43,18698
0.05720703774988134,69,19004
0.10900542635525368,42,17385
0.07736017127056949,21,16137
0.04244886869914277,20,17499
0.2696289002135265,28,17011
0.10678473212886108,51,17066
0.1223707661572846,31,17120
0.07535281011311934,29,17812
0.06530790712749346,55,17433
0.07452348498363814,67,17607
0.2385560738360899,27,15981
0.19656874416107994,40,16968
0.03158776755530812,31,16875
0.15227822758020737,29,16969
0.06117460040440792,41,17691
0.08972502357603362,28,17207
0.05537723292467822,34,18713
