0.0,8,22671
0.4002799830103998,26,21595
0.00648243875486354,26,19627
0.457032345888407,90,23174
0.393528297203249,52,23249
0.27899989334667274,84,21023
0.020111242556262954,44,19068
0.1318431651312728,7,19673
0.6246697677410298,84,20239
0.5477830782698101,6,19593
0.5177974731745253,88,19717
0.44269581494810584,77,23435
0.11994108609081067,58,21342
0.5960393005462494,36,18376
0.32440024167955206,45,20601
0.4373727140380862,95,22929
0.03637509386752569,25,17859
0.37958939098007316,75,22511
0.18998066396153335,129,25700
0.1447167521401872,47,19492
0.3608852752673123,36,16680
0.3252688663729393,54,20313
0.41638829213821504,29,20056
0.005140609017528108,22,18817
0.4230615346663903,58,19267
0.4006970966244696,53,19576
0.0938969699661093,57,20804
0.49353128370182486,46,20839
0.44118862552961446,55,20288
0.5398992094756705,63,19474
