0.20232817361095168,56,20962
0.23227731145532704,58,19458
0.21427883683124294,43,18936
0.0941938350312026,40,19265
0.02389817380205217,28,17438
0.0,9,17834
0.173525897240557,26,18900
0.23388267330215728,23,16882
0.2731180636412043,48,20288
0.2566019280709526,32,17558
0.0544348173392879,57,18566
0.0572138833021647,28,19054
0.0,9,19346
0.17909451364085027,33,19013
0.0,9,18527
0.046885467085775456,54,20763
0.0,9,18890
0.0,9,17142
0.0,23,18550
0.25426635682117293,23,17929
0.1873692764933329,48,18415
0.0,9,18329
0.07097385462625161,30,18447
0.27004516241963905,31,18263
0.6380181431783187,23,18481
0.10122751870261448,32,20400
0.1596128070881081,33,18287
0.15263956890935926,74,23581
0.0,10,21603
0.15646436783313922,29,17601
