0.8512197739766346,40,12724
0.8801521085969339,42,11118
0.8564236121450158,140,17940
0.7482730924608721,46,14373
0.9162137772578498,148,15005
0.6375977969623879,148,19010
0.340396359581595,45,13506
0.9512360592123406,56,14599
0.5233641174431513,30,12045
0.06358620865605025,72,14306
0.9617095590104566,88,16469
0.8975938744218672,117,18336
0.8689327639022508,22,15290
0.8974805761991176,123,14800
0.07356957307222622,47,12819
0.08556228003127664,23,14581
0.9564890881351608,41,12788
0.9464199504479791,33,14714
0.5578799916494226,45,13636
0.5140098244706557,20,15182
0.7276302605968612,54,13266
0.9688067956115666,28,11611
0.8767702904179402,61,13991
0.07935233498076055,108,17731
0.22180518596050458,79,17552
0.6881259502506335,101,16251
0.3918948396745997,67,15933
0.9566828475292684,69,15797
0.9263121387036635,78,16665
0.3233067437776733,29,12304
