0.0,23,17898
0.8896536091437994,23,20609
0.741656149811994,17,17057
0.8405065375369022,43,18184
0.6625014252720383,57,19908
0.783106513270276,18,17810
0.9434472902993533,35,18598
0.7197981868110854,17,17380
0.9540843869344195,16,18205
0.7550416166035754,34,28782
0.8574855120836575,42,19868
0.8473025342511953,75,20509
0.8536066938842832,29,20128
0.7647414838215114,82,20696
0.20707547328117115,36,18405
0.7574247409448196,89,20761
0.7662396950138243,15,19767
0.8732195092473263,17,17487
0.9415718902740322,22,19661
0.42851610979584365,118,19417
0.8587542097961685,52,19012
0.7555589743601562,12,16382
0.8861232940274643,26,19599
0.5253219312253141,20,18610
0.21076488190462905,29,17834
0.3782085535105356,20,21550
0.8784385689907176,13,18833
0.27596091485262786,19,23775
0.8644431579235361,25,17482
0.9245425879277037,45,19570
