0.034481598072897524,35,52935
0.21868767311416226,20,53928
0.07661230135651609,19,69126
0.0597873616417095,19,40584
0.08268752111040067,43,76640
0.06617282563244165,40,76950
0.04703412309967425,31,73438
0.08101580755121651,32,51795
0.08069618437003423,23,63316
0.06888918428401536,70,51315
0.0783666164200687,23,63659
0.12088451183019078,56,51458
0.06017783929576492,39,40389
0.07420663274334649,36,51435
0.10334756514227372,61,64732
0.15781333265247965,84,57958
0.08402426496836446,30,75040
0.08851529793711488,59,89118
0.10333653749072969,77,57179
0.04949638865634465,86,62017
0.09949168024247013,24,77352
0.11973186881773512,159,45672
0.06721725006410095,26,68141
0.22756198248095383,19,62153
0.08376913591327151,41,45576
0.0855018743639051,40,52281
0.08731468657721175,37,57784
0.06250685575772374,44,51818
0.18220598400735244,116,58661
0.04876957196103804,90,62981
