0.7703908469245928,84,55155
0.7264675895615715,51,92623
0.7375304787831639,100,50891
0.6433040485383377,100,53202
0.6693775117073393,62,49789
0.7774816593063688,55,79334
0.8025774560224254,11,34656
0.8134050471312565,32,53970
0.6889644940343995,436,48888
0.6775875179728901,148,61657
0.7411971253536345,36,69739
0.8110601329034517,105,74141
0.7893545100535225,35,46047
0.702463690747442,130,55368
0.8071416406434255,11,86146
0.7460486110338409,92,65199
0.737035120570295,41,53747
0.8048455146767253,23,38840
0.7144654511752768,27,44604
0.7979575542596601,67,49614
0.7309191563198476,22,72759
0.8200584277626166,10,115856
0.6354453687028709,56,35805
0.7527981177698458,27,43786
0.7959727677496634,12,37241
0.725864394678788,44,46275
0.7881089995062556,21,55061
0.7945106208339108,46,57794
0.8277572946062222,9,47762
0.6931999327894726,25,41072
