0.36292519978018856,37,18754
0.15639066609063168,27,21262
0.4020011264019243,66,19796
0.3550834565854124,49,19540
0.40699476189817907,25,18887
0.34373234061436286,27,18775
0.3714632584451071,46,19219
0.31722782529191396,16,20062
0.1832088405074621,47,20052
0.3736934457399045,61,17853
0.3530836207569611,24,19682
0.22497918291680752,22,22181
0.22558509885658273,31,20393
0.41379647532164243,65,19676
0.3952600156821112,38,17707
0.3710016288125776,25,20481
0.3735301997373377,36,19067
0.31127246674082354,21,22380
0.3793105065719926,25,18112
0.2656546367821683,42,19016
0.31083013584665165,13,18359
0.31354680341047303,88,19795
0.3689389408375263,34,18758
0.41438631153461136,46,18739
0.33436471678429414,91,21648
0.2072992820554913,55,22269
0.14974135851750658,52,20241
0.2021486059921319,140,20439
0.38817298349939955,18,18387
0.33403025484133986,22,17529
