0.0,10,23187
0.2677079491342692,45,23485
0.11594855305788832,63,23081
0.2531670917432193,22,23479
0.0,9,27878
0.16198420118467982,70,25549
0.11338149258806396,47,25233
0.13226306611110072,26,23425
0.22312953933742496,52,22731
0.1254157622834915,47,24668
0.0,9,22817
0.0883309801124641,18,22349
0.041037046396772525,31,23683
0.0,9,23833
0.19318854580673683,24,23318
0.0,10,23448
0.1912832914765319,35,23909
0.0,27,23057
0.0,9,22742
0.26189293214566434,45,24114
0.45576385609075987,29,24810
0.0,9,21654
0.18862729746447382,56,28064
0.19794191610660894,39,23153
0.0,16,24099
0.06460527080824352,47,23624
0.25696585723935705,54,23888
0.13123786207304,27,25618
0.05727498745067672,43,22634
0.0,9,22739
