0.8842127621580009,89,23660
0.9201948156559886,62,17125
0.8869586954210644,102,17165
0.9474758702415288,3,17401
0.8247417657677703,82,19630
0.8836135967159522,78,21749
0.9276004490154164,54,16368
0.9078305768262463,61,18409
0.9090109104058951,125,23696
0.9046548403016691,37,17793
0.9015154158312016,135,18658
0.9474758702415288,5,22700
0.8767721632213872,101,20297
0.9061886538623544,131,22050
0.9542238057532108,245,27989
0.9474758702415288,3,15893
0.9320879666346353,46,17751
0.916052987818884,72,24087
0.8571531864659356,83,17187
0.9391154537715142,9,16458
0.9088984373102538,84,19304
0.9393343057792323,102,23529
0.8310234310818729,74,16966
0.9393357850667065,131,21272
0.869335909167741,114,17277
0.8507949759846987,61,17704
0.8519608713005784,80,22033
0.8497728948601054,103,21666
0.911032383382345,115,21913
0.920667023264192,29,16759
