0.1318431651312728,7,20347
0.0,7,23406
0.1318431651312728,7,27338
0.0,7,22866
0.48765644560698584,6,19509
0.0,7,21168
0.1318431651312728,9,18415
0.1151820748394391,29,20350
0.20936480761630127,33,17842
0.1318431651312728,7,21098
0.433845082362895,35,22287
0.014064469368524901,96,23425
0.3278773171280398,15,23937
0.0,7,18682
0.10865577771288082,53,26926
0.1318431651312728,7,21914
0.1318431651312728,7,23844
0.1014509127979859,32,21286
0.5697061779015601,29,19823
0.5064473260354851,50,40043
0.4045845439532654,76,21858
0.430207472891023,53,20414
0.44563112556122464,23,19048
0.2707811769096815,34,25509
0.02611408835010709,29,19977
0.033595301154633495,12,20008
0.3167804208907615,43,23606
0.42164501502593754,37,18706
0.4315738105338034,59,19413
0.0,7,20939
