0.4093526038569989,14,19661
0.4818660557566474,23,19456
0.3187129607358795,46,19089
0.4788782012230024,32,17272
0.35313748139459045,19,17665
0.2086652160431992,77,21927
0.19894145573612088,37,19684
0.29223520557589777,45,17538
0.35737789047025637,71,18576
0.3237456000725678,22,17816
0.3710739590648682,38,19075
0.22174258539385805,49,18207
0.32139227523997915,21,16383
0.3363459152581151,81,19640
0.3026435737944727,41,18401
1.5543122344752192E-15,21,17953
0.34033090249811715,40,17563
0.3285298617283765,44,17772
0.28188971029057275,76,19230
0.14446193070752844,30,17095
0.15286312951110748,54,19087
0.20809679602739561,69,19250
0.269485531466058,61,19637
0.37883399068816137,24,17981
0.25753236949911096,42,19265
0.41041479157086436,26,17804
0.30288213908079087,86,20418
0.35347228769826966,24,17572
0.43888895679201356,26,16996
0.23998117155654908,59,19785
