0.2244749390752021,130,34002
0.14953970458023025,43,50648
0.29549537588806674,16,36568
0.23235382679801309,25,36046
0.008792867793715908,30,37210
0.036573559009997814,52,33193
0.0462828714141269,22,34847
0.09703439493767096,40,33279
0.15725652159862524,25,53394
0.11773823264591687,40,37041
0.21137865272963863,30,37288
0.21359319819600286,28,36409
0.08729036033229642,48,62240
0.29662593935190973,71,33102
0.03323392326982222,45,38295
0.5026201240923527,29,48798
0.049632039738818245,42,79177
0.20746367738889515,13,50739
0.025931849900429405,28,33093
0.11883272534379175,26,53052
0.2911993661615274,29,46707
0.08308983680645898,34,35563
0.14789145762442113,56,36077
0.09385130770799377,34,45766
0.18748264359193356,101,56023
0.06995974370182612,24,34844
0.032205252520038585,51,45320
0.19357508205521434,54,36249
0.11336466271761303,26,37535
0.4171834397657386,7,50536
