0.20325770119639308,63,12762
0.25982239659025674,93,12399
0.1202516010825544,33,11493
0.08863920127266678,64,11456
0.44283622391960853,37,9286
0.08843269483193228,32,11330
0.18229846408812422,66,12226
0.14514999199896017,69,13318
0.42161730093880456,24,19519
0.2078159183821392,61,11777
0.21255421553117726,74,12076
0.2213723389027863,60,11506
0.4350407100622965,30,10447
0.19086195007913942,30,11599
0.10772135057473842,55,11293
0.23238123744298844,63,12672
0.18592809050481685,51,11517
0.5187774945276382,41,10864
0.07693035995870268,36,11396
0.2610123245605306,73,13260
0.09062666349400872,77,11341
0.17614653485095022,57,12603
0.29830167157499987,52,12000
0.348753044897946,59,13859
0.5227327188325536,51,11007
0.2025068664983043,156,20421
0.5793449534398045,54,12511
0.5342606009788357,91,14983
0.25324859302009795,60,13394
0.24749548551967282,65,11719
