0.6952251137336687,95,12422
0.5078441481697678,143,17382
0.4238000587064129,50,14149
0.7162283592621972,17,11388
0.6424512766472735,120,17782
0.41331340350238877,139,18399
0.3716775803677659,49,11201
0.3540404394750316,111,14490
0.5896862452766881,87,14128
0.5303367546803128,94,14960
0.5470759865567609,52,11928
0.618088785270356,71,12589
0.7250155602759858,187,14238
0.6816036094904396,47,14755
0.3061405267822138,67,13943
0.26768186954420015,73,15019
0.5568572401309424,80,14179
0.390784932673241,271,21132
0.36449866138401155,44,11297
0.31608995118708616,31,11699
0.7349018227305493,35,10578
0.6546293798983986,32,11214
0.28854460124120673,130,16323
0.30648755649088677,74,16888
0.6211199172986117,158,16211
0.4111139852789323,67,15356
0.3123652765165216,138,14048
0.6891082106006973,73,15406
0.4076588770404074,208,21444
0.4934306380201414,260,26453
