0.9607847092703965,61,17239
0.8414058207771087,103,18383
0.9534358502926865,145,22071
0.9123113810697713,162,23935
0.9098594974991451,91,17694
0.9376027482568112,109,20344
0.9289048409280712,142,20451
0.9011675196088851,187,22309
0.9297050938459407,103,19271
0.9070741034292219,211,24036
0.9241290818880696,109,17512
0.8995085868406826,137,18248
0.9647956655447848,34,15198
0.888803933880423,128,22057
0.9398370380664863,106,19789
0.9364622759363348,182,22153
0.8438868267103266,69,18708
0.928128728645625,188,23258
0.941427850948326,125,20337
0.9308716383431266,195,20400
0.8229058651611633,77,18612
0.9251501218519261,56,17134
0.9575397511820773,97,19374
0.9543969957321935,58,14483
0.8613153069409327,58,16449
0.9164186189259086,116,20131
0.9556039115337435,78,16304
0.967228811994292,51,19903
0.8991116183098491,136,20434
0.9238620157188119,270,27014
