0.2999408736751612,60,19604
0.20898753908689616,40,17667
0.6861257319606562,22,19830
0.30381960742025194,37,19082
0.5099896243345292,45,19403
0.33235402763748145,37,18819
0.1984167261730354,35,18982
0.28432202713578036,28,19559
0.5952654203250324,46,18935
0.5292615112035619,13,19432
0.23683588185469606,43,18840
0.2971794710113794,47,19153
0.6641682021196629,61,20334
0.1630888383362642,56,20497
0.39139555199359455,42,19086
0.41665940822173253,40,19791
0.3401840823700133,52,19382
0.3730944389800124,45,20655
0.31820822076429955,52,20062
0.26018744032116425,25,21078
0.38124351340156326,24,19466
0.348235056611223,63,20899
0.4086663263043646,54,18955
0.5410501495289634,42,18409
0.15173451066961707,64,19669
0.3029426502615765,63,20412
0.21634758272343735,59,19699
0.4826059452566359,54,19985
0.3031464679930498,34,19242
0.36057797301535,32,19960
