0.33259625471894716,64,23801
0.30889435446310365,82,21056
0.32949846304470776,290,25645
0.4885315824544414,881,70539
0.1897860126059463,32,18746
0.38342598536826533,162,31231
0.5815783498654548,60,20286
0.6377787485274699,95,24415
0.566801925172553,154,22361
0.573156363648123,243,33420
0.4881352014629027,24,21514
0.39972211918670275,62,21728
0.21250844459859897,106,27613
0.6075724160920335,150,21581
0.3430361246702289,92,21808
0.5559817846408559,136,26575
0.3878353062224684,142,30044
0.40059598321251666,91,27754
0.3646618411877426,55,21100
0.5662605880155571,103,21246
0.3260750666259363,74,22463
0.06089449785085288,67,21961
0.3967239850491442,167,22327
0.3988255291564954,112,20412
0.6220049799443655,214,23365
0.36445059161201665,225,40641
0.27360979827332343,121,21960
0.3566872551710164,88,21279
0.35695932649659934,42,20167
0.25073443324995115,44,21451
