0.8395189841601376,34,15871
0.7502567431087648,10,17450
0.899570654658805,33,15905
0.9014363915238915,23,16753
0.8011925395532348,31,16418
0.7959727677496634,15,16472
0.8242204633670138,110,15922
0.8607124701905824,30,17267
0.7977019978069967,54,17243
0.8952643448644504,10,16246
0.7533199022039633,25,16679
0.869764748058833,11,13762
0.8318976902757576,22,17920
0.7549488847253163,22,16423
0.8929223361922222,8,15091
0.8337000206431441,8,15840
0.9022931600209466,15,16467
0.8532227911536174,62,18826
0.9027986318207244,42,15863
0.7147046542343034,36,16675
0.817706937345331,13,17098
0.8952643448644504,10,16233
0.8605819041846414,93,15881
0.7588342760001857,39,17625
0.8985391444793197,28,15852
0.8936945845795091,27,15592
0.8949855449915514,41,15568
0.862752442834487,29,15050
0.9024493250868172,61,18443
0.8708467090340304,78,16339
