0.9911004852211721,130,68524
0.9860117327957625,136,78009
0.992868994307884,43,47871
0.9919539360541683,35,38819
0.9846840671915911,574,95842
0.9948205686397009,29,73288
0.9810168888850391,511,60470
0.9837487579023897,39,49751
0.9828778262771837,60,42220
0.9896256329023019,65,35195
0.9755596771632647,95,53318
0.9918200334853505,17,64304
0.9841003713835644,29,71297
0.9885389483928333,47,44758
0.9831673272177607,63,58192
0.9892896820421453,57,67489
0.9822163335279558,26,73738
0.9845502345732308,85,55809
0.9814526889624857,57,70675
0.9821273548068747,50,60551
0.9854648778053678,66,72939
0.993955328856583,21,48499
0.9825836882687662,292,66276
0.9968227458811894,18,52769
0.9861625772899584,41,63271
0.9826273353168244,41,57830
0.9780919631034575,53,55562
0.9824979337423697,443,58197
0.9839752509984271,62,57730
0.9878924368906444,247,84901
