0.2585986989540602,85,2046272
0.24460376225942926,29,2259626
0.1482643657544046,68,1599330
0.0,8,1602705
0.1255716577094994,35,1583903
0.43723624157178087,66,1604969
0.32320176800188294,41,1585295
0.4362269637070393,26,1604829
0.3922694714739714,35,1591050
0.00437733738514301,22,1573617
0.32183401201370243,21,1602384
0.07292815238462669,47,1571292
0.3980055184464094,53,1621046
0.3918549320196383,37,1630383
0.40220630391892,17,1544857
0.45502280442677856,29,1633292
0.07460511073594345,51,1583164
0.2903897202267325,28,1579296
