0.6072193023304346,51,23839
0.3490899788924491,28,22342
0.5808555026626296,75,23066
0.5129842249117714,29,24006
0.5888493059300814,46,22744
0.46264419283864266,60,27622
0.6459536808590722,38,22468
0.5641680044799247,29,22290
0.4561154606297797,64,22431
0.4897335530023358,39,21786
0.3807410800526213,33,22817
0.661335274764535,55,22478
0.4851111432132612,88,24995
0.6947333907778213,125,26284
0.4748906772117252,96,23265
0.49431950531600644,79,23754
0.4500630525752166,156,26756
0.5445208596301635,36,20516
0.6406797581315122,40,22077
0.6659959330448191,33,22574
0.5519630602959045,68,23454
0.5688584918881269,82,24303
0.6910319523729949,80,21646
0.5020162752616635,56,22575
0.6102939295776528,122,24471
0.4729737588313959,46,22249
0.37235713991999586,58,23127
0.29400673494523444,55,24487
0.3178364247253712,122,23437
0.7409462638794171,55,23766
