0.29919124372488015,69,11778
0.14517863139241172,62,13744
0.23239565202049672,113,15854
0.3785076935344489,36,10322
0.2935404463214849,27,10593
0.41279189965166463,26,10443
0.10293982336938379,65,10337
0.3938160683422183,83,11958
0.534608387248743,42,9923
0.408687004645957,48,10286
0.18337286145214782,64,11904
0.005790497730992494,49,10549
0.0374392077006932,36,9067
0.3600326350343066,44,11387
0.24443256218922715,61,12795
0.26060758566424513,48,10025
0.36802333152378197,123,14883
0.35062059597544415,52,11803
0.5118109262328217,120,12217
0.17559221619605225,33,12150
0.2216007894247094,207,15391
0.31396802886711117,36,10711
0.364724604327023,72,14415
0.16354327155474446,60,10606
0.4984678592378089,92,13661
0.0,13,11712
0.36213009600836477,48,11115
0.16979814371320812,41,9467
0.42588018579811504,55,11490
0.23282542928371175,40,10913
