0.7448872469872392,17,15498
0.8200584277626166,12,16450
0.8890938158586082,62,15342
0.8982692294290567,71,16994
0.8577799935139757,37,16531
0.8195364904455755,11,15435
0.7410200798515052,14,15925
0.8408264926947935,42,15945
0.8019403361082973,36,17354
0.7067525913595587,42,16439
0.7120246540779391,17,16081
0.8451326270931269,25,14877
0.7753339706147697,44,15813
0.7822161797910291,38,16185
0.8993056718383843,43,15560
0.6765251953488407,45,17318
0.7755317381783398,26,16238
0.7498954303833192,35,16180
0.7599138189800574,29,14504
0.9033951651342498,18,16702
0.7741606890340633,35,16100
0.7349428483542837,26,15740
0.7238424654307409,26,16069
0.8338714121991719,61,16261
0.7580001205540469,10,17571
0.8918545822525529,30,16030
0.8993391866691924,19,16194
0.8897367288868747,24,15840
0.8025697597289393,47,15668
0.7666607572173025,23,14416
