0.9980442410296313,132,69312
0.9943816822526405,55,84302
0.9926046377166831,18,77537
0.98436191366727,44,94094
0.9894580151243313,24,73502
0.9968528952381653,267,108172
0.9895872261921227,40,91862
0.9935969675583693,41,65219
0.9921693995947986,142,83567
0.9935064629526924,99,144944
0.9965555700606626,221,121484
0.9982049431291622,18,107495
0.9840692232922357,99,100393
0.9949332395490533,348,105342
0.9883439854453311,157,70033
0.9743070782875426,166,94816
0.9835189577990026,77,100512
0.997109103408595,125,86303
0.9936392020346572,93,117264
0.9609564659522026,56,141685
0.9948796081447757,180,117407
0.9977612188351059,226,118492
0.9947954871447261,256,84563
0.996665506945721,97,116122
0.9950027541441115,123,160651
0.9855099389493824,223,93272
0.9977695619076699,210,144661
0.9936948908738792,82,63601
0.9849817178983471,71,99860
0.9968231917639321,265,125295
