0.40183475197830076,115,46308
0.4446882678031563,78,68282
0.4051266143889781,105,58895
0.39124042403422754,158,42131
0.6248285382520153,87,33339
0.7064890707999616,65,42162
0.3452560805123075,68,36882
0.37833809518882877,35,39198
0.21444906127939045,141,48706
0.5105886018599479,108,47689
0.526892891068193,82,57437
0.393744406485689,100,39556
0.6312359353676876,76,31441
0.4063621525186344,153,35367
0.5925739330087727,62,56602
0.4319191329181453,160,34221
0.4493309981215424,52,32352
0.4227896761582146,159,38358
0.47247385868629466,133,52320
0.609412128766482,222,45635
0.4121860006184298,40,85354
0.6133081346656297,49,39022
0.5351433465599128,327,46484
0.5974638894553121,56,31285
0.5614067450549162,104,48277
0.6561321168969423,182,44191
0.5417878071972635,95,38657
0.28931890424123574,62,44637
0.5878175947634705,97,33969
0.7259495567585479,52,32282
