0.08034924420043454,23,22791
0.2563090520712722,24,23258
0.11753348385308804,68,23507
0.14988251850682444,32,22701
0.09624062496976937,28,23280
0.030570318186728063,42,22778
0.055781206304048925,23,22023
0.20410372313709435,33,23219
0.022204231617024117,41,23235
0.05853251711570617,25,23396
0.1363003262561283,75,26717
0.14512877925541334,39,25733
0.0632099305074455,120,24651
0.11122326624042511,21,24249
0.09260809605285159,22,24051
0.15599393965322605,12,22970
0.12140731072337607,31,23525
0.08687538491559499,25,23202
0.09504722467497662,27,23917
0.05422996382162015,66,25420
0.07799172377511465,40,25475
0.07263671582972664,95,27069
0.06789566121154866,34,23911
0.11503285267224839,37,22908
0.12722291619095394,126,26801
0.07742962462468028,31,22479
0.17841494114718115,24,21569
0.06914857969329691,82,22398
0.04358785339834226,28,22617
0.04168986050457901,32,24314
