0.8760480764394082,23,20444
0.882578920678723,68,20365
0.9363025837897114,22,20515
0.9014466435376173,29,18352
0.9118383010484895,34,21241
0.9030125936173661,32,19472
0.8782537519485758,121,21818
0.8049608616053938,24,19460
0.9187858406405711,14,18661
0.9102344264319469,31,19704
0.8898070843675965,79,21035
0.8854179734099791,33,18724
0.6832682597663755,27,18677
0.9012086084472037,55,23133
0.8186778118434319,28,19041
0.863088611161188,36,18930
0.9106726761010043,27,17382
0.8742299503972184,50,19012
0.8750174761071644,31,18985
0.8938477190945211,47,20154
0.8800418226095328,16,17988
0.8866642690810707,67,20145
0.9155195055438705,48,18741
0.9084098365156977,30,19319
0.8766742122138163,119,23190
0.11388312181264937,24,20840
0.9164771053228165,51,18324
0.8718286974075826,73,21626
0.9267447064237587,29,20302
0.9307646462827124,20,19723
