0.6901641684466153,55,17954
0.7746822981512607,69,20590
0.7031578039679333,40,16312
0.7460513423098258,31,16036
0.6658634470690175,65,18700
0.7767128438501195,35,18245
0.6906635677976141,117,20331
0.6924576493752141,23,15299
0.653572966298722,30,19925
0.724594115407768,24,16126
0.7608669968493063,30,16212
0.8881371639704753,34,17976
0.7815629711993493,21,17104
0.5938034277065527,58,17743
0.666237005261233,52,17832
0.7852918240914517,65,19131
0.7253705900574785,46,20216
0.7387047820670531,70,17831
0.7107021913799156,47,17919
0.729859543365055,33,17071
0.710402447096599,29,16982
0.7442648761146875,26,15742
0.6896754220501242,25,17937
0.8044506752504779,46,17104
0.6786763509302097,42,17423
0.7595648454744053,31,16690
0.7223825031979588,42,17508
0.8133751211408127,29,15998
0.708582918366256,22,16331
0.7678852271038403,28,16797
