0.23131792844403287,40,16340
0.6634645287204266,22,13623
0.0,9,15052
0.2297074461077927,97,18071
0.3262438166996361,34,17313
0.32892770149825945,24,14328
0.15590394613684644,40,15064
0.09955020631772549,70,18455
0.28407294777214265,29,14593
0.18163837809547856,46,16278
0.3455708410699492,43,15172
0.048309832886223925,100,16212
0.12137636309619193,63,15815
0.09411278541569856,92,16167
0.2335252978498279,30,14449
0.16416964440605508,190,22741
0.3276501727552923,138,18618
0.07601569802621932,42,14685
0.0,9,16569
0.1902602074998262,64,17201
0.05422090434707094,61,18275
0.19767410589368484,45,16267
0.2857062278855379,54,15899
0.21795815595610402,131,22310
0.1545980880763722,132,18108
0.1389940140119832,35,16531
0.23595364228792037,74,17250
0.21782458155798134,28,14837
0.29323328141928595,30,15372
0.261577468646625,60,16573
