0.42676714509086566,82,33354
0.43107566608560244,69,56287
0.3994071796320091,43,25779
0.4878308120165268,119,56028
0.4084638856747783,46,30346
0.5086636621284295,31,35512
0.3817106067092191,68,29542
0.45717624346295305,36,29313
0.4488954536511326,41,29200
0.4112977053286323,83,26257
0.3792074672767054,75,31449
0.46525120456059754,31,36229
0.39770669280239046,42,42243
0.4661195272235735,126,39948
0.4491727862253949,72,39217
0.4080285389926809,12,44386
0.39471507970508146,47,34523
0.42205374346121816,21,35087
0.44147342414350843,46,27973
0.3798255184854472,40,33572
0.42532910311596617,117,29798
0.4272896750072812,48,32886
0.4752637733504076,58,40873
0.3402524510569729,39,36749
0.44322232504545644,53,55516
0.3905269120060222,55,29834
0.42826827940276446,18,29149
0.33393700986094754,35,34865
0.4669892226148735,74,27327
0.3921759226658694,49,24926
