0.6771559935430429,72,13559
0.44350720769092566,79,14941
0.3728574740324144,64,14685
0.6624657341093253,80,13823
0.48420989460589636,78,17519
0.3002066937742771,118,15611
0.30791727060493257,35,13148
0.3981279726634187,89,18244
0.28456962624062876,64,16457
0.38607861984576286,181,21511
0.45762831035158813,46,16012
0.5658103603674232,75,16914
0.21299546017529847,111,18434
0.42205962832898514,90,17181
0.462255788497138,99,15195
0.6251017118864481,53,13226
0.4489275773403547,172,22370
0.34615969639262667,93,17052
0.302860915501151,255,29557
0.522078168265375,40,18173
0.6192548160015402,27,13817
0.3207558285500204,103,17793
0.4594496618222059,212,20362
0.3299617481004522,128,19109
0.2021286947163372,102,18245
0.4058325828439767,170,22275
0.4755303127139465,129,17337
0.28976283410153525,78,14047
0.38675245676701986,238,21001
0.44881300603215835,167,18584
