0.8850481984946962,27,14779
0.8331804297295151,188,15736
0.8937967743229714,35,16843
0.61719678865337,67,18825
0.7496390993246485,28,14534
0.7669686562559633,45,14858
0.8364442312613108,11,14854
0.8357735409838636,20,14297
0.8919908251472461,83,18694
0.6597296626281351,57,16155
0.8970005060829418,76,13837
0.7134828132699058,24,14372
0.8967801678098295,43,14919
0.8085860218376277,57,14617
0.7959366721060736,36,14884
0.726753434550538,33,15652
0.7797400038968478,57,15072
0.8451602668047089,26,14461
0.7385524901159075,127,20771
0.7353220169852525,52,17073
0.8953911171126484,67,16421
0.6979987499845517,18,13649
0.8177664188548618,13,12916
0.8948535084597782,25,16415
0.7500790332786377,39,15950
0.7937326647819438,30,13661
0.8835474095683347,27,16095
0.639999019804312,102,18939
0.8659992088309058,31,14280
0.803222294505635,24,15043
