0.34852999337031954,22,1972328
0.24680128212273367,36,2039272
0.36321434019655596,68,2281603
0.08605894525879709,72,1565253
0.37981113891902984,43,1561546
0.3664564294696271,15,1570318
0.07082296709524138,78,1583207
0.14029520897659298,35,1579522
0.3559551648348144,28,1589382
0.39624416590645606,27,1586793
0.34413715157331637,29,1598028
0.07027355630612775,95,1597757
0.3661083234835403,33,1592598
0.08315590294060049,30,1591509
0.23876077001128948,48,1595628
0.3568685009245637,27,1642655
0.2183191435234496,85,1528612
0.3294809829905343,52,1562778
0.35477891676828543,41,1558367
0.3619750473552876,29,1572918
0.11790448722179026,47,1602845
