0.06089905251192229,53,18017
0.0480755589773022,45,17095
0.07247257599229018,28,16586
0.08469061096469899,37,17048
0.09274422603576715,42,17928
0.13876758214898266,34,16207
0.02628939216440107,34,16572
0.15573365243568982,17,14489
0.05834269387541291,24,16076
0.10556659605722285,22,17128
0.08625323872659074,35,16710
0.12235871951221766,31,15444
0.0357053312729958,58,17037
0.04791829132529657,34,15785
0.06894556229547744,35,16284
0.09975438932460334,11,16274
0.07525548445522312,28,22871
0.05599128576874013,70,18533
0.015234044738820285,81,29589
0.025386729854413925,46,18400
0.0759336814205428,40,18550
0.03830939647223752,79,17881
0.062387768014624756,24,18846
0.07484815405820633,43,16487
0.13413215998305783,52,16758
0.08430921457723672,33,16016
0.1271763082699061,36,17230
0.026438061101309418,49,18893
0.016279388117395266,49,18006
0.11777192479118592,34,23171
