0.05213135498922694,36,17720
0.09309210356532038,151,23087
0.020923381612722336,19,17683
0.07091264250122398,14,18834
0.050095406285553534,20,18682
0.02453131042592349,59,17349
0.0477257884193093,57,18430
0.0173927808436799,28,17926
0.13416630228334292,38,18016
0.0719338524389953,76,21049
0.10706722849135031,11,19840
0.06349085062389381,19,15880
0.11375521491604923,17,16934
0.02853438499577332,30,17383
0.03149161115160981,26,16533
0.01257045419453906,24,16509
0.012224632695633897,26,15994
0.025386950982530077,17,16738
0.051991364351924196,119,21355
0.019357376019334405,18,17084
0.06291664520602047,93,18759
0.11368340616276962,22,16988
0.05168328610536854,30,18572
0.09763747370912834,28,20393
0.07342970231637636,27,17096
0.02304881086042254,23,18831
0.027371460501032008,46,17599
0.27476728921778637,51,19473
0.01908678921606477,20,18816
0.004444818980664622,23,17104
