0.38357929557027004,72,23877
0.38760660214674003,58,22446
0.4246093078723002,23,19934
0.29381289519093257,32,20552
0.4585050073535276,194,24430
0.33943698051160887,22,20440
0.4366669585521086,52,20101
0.3372553980547147,146,23193
0.38208368717492314,96,23185
0.3897040794603045,42,21281
0.1485514244377073,74,22494
0.27711638318864185,69,22203
0.32013388315291647,96,21176
0.3640378900591664,15,19524
0.33588368533967106,107,24319
0.27385594907919153,49,20698
0.404785583806634,34,21734
0.360299779451543,40,20597
0.2235778723913706,118,23430
0.19460335079289726,41,22567
0.14739918536606167,51,21693
0.4204297107434717,35,22395
0.42340733814297493,26,20733
0.36240740726129694,42,21068
0.38798282262696837,82,22477
0.2749023777227918,66,21003
0.37710522600037666,207,24807
0.16613246802679216,176,24288
0.4669316376213394,17,20858
0.3847679861482758,25,21313
