0.9938275019677001,367,180717
0.994311767018795,79,118203
0.9906491667037286,140,223342
0.996092150301724,214,203029
0.995258200094512,248,179063
0.9885174449114275,331,171529
0.9551142768142882,161,209008
0.9962361084242872,348,107426
0.9886823093453765,100,149143
0.9950266719419953,119,200160
0.9837654760674835,165,97114
0.9947960269638889,9,130161
0.9940352450811205,255,225655
0.9715825504043153,51,57453
0.9789436559419012,71,89760
0.9759221266504655,221,101699
0.989490377343642,79,131241
0.9814105304459583,85,68709
0.9950882671837845,81,140650
0.9957588837117851,96,186370
0.9839819782690548,242,108367
0.9920866032407792,187,115816
0.9933935708618913,15,318484
0.9900563040808487,150,208512
0.9959441312739737,125,168568
0.9968058975063174,228,115318
0.9897100066046777,122,283720
0.9893663485902842,68,120639
0.9965511485879469,240,88571
0.9960420118966552,379,200781
