0.9879085333734429,32,36289
0.9898357261656198,71,40931
0.9884992421792934,29,39757
0.995366943455326,29,40301
0.9840474378368461,58,37685
0.9973282603792314,72,49275
0.996989735830645,60,40724
0.9956637158354162,12,37610
0.9964769821874013,212,54202
0.9927690338658371,40,39832
0.9905198958173632,42,39982
0.9965864576307523,33,39729
0.994923426770926,72,43253
0.9979820901389915,64,39205
0.991282087848463,40,40016
0.9886047966798739,25,49369
0.9908104184375928,140,46409
0.9948349054604345,23,46077
0.9831510440272416,57,41470
0.9528311740570387,33,40001
0.9983751032884173,44,43520
0.9930227946271897,63,44076
0.993126994256323,85,43629
0.9876227727266883,58,39045
0.996415368231802,73,43051
0.9923913466765574,13,50806
0.9861575801659059,38,40411
0.9870756424246859,33,34274
0.9896379068157711,18,41676
0.9917776028520416,49,37427
