0.9178441771105929,139,24736
0.9436231484373871,85,21503
0.9244606871436822,44,21644
0.9298348063645075,95,24683
0.947385890827416,24,21320
0.8331353072345772,83,24210
0.9045590801819605,74,21875
0.9264056102103381,36,21270
0.8836287813049916,69,21807
0.958368855578832,119,24828
0.9168903443433484,28,19575
0.9263173655049182,46,20968
0.9270704248299022,37,21241
0.9461101637934095,20,19464
0.8689023918269544,36,21135
0.9463022213031557,77,23380
0.9298695648793129,57,22684
0.9622831123924591,93,22739
0.9299756677619991,44,20023
0.8408986515082929,96,25747
0.9601465818553183,76,23197
0.8736474739875718,79,21292
0.9517016471030685,111,23942
0.9275191386548046,48,22705
0.9036833263284209,87,22307
0.95650142034339,36,20195
0.8836578775070579,71,24335
0.9624180895038048,62,22754
0.8503113354501273,90,23700
0.9421090280436247,52,22336
