0.9620134941030869,106,21973
0.9532358254365629,76,17926
0.9263600499509641,113,19433
0.9589813121142547,111,19972
0.951429849829797,208,26007
0.9526385488759845,175,23595
0.9135661486451013,62,17793
0.9387238233986852,154,26814
0.9598325201197712,120,23072
0.9031549606319268,244,29495
0.9634182210292425,48,15185
0.9761808762345704,152,16562
0.9367815464093551,191,22760
0.9608211757898809,204,26428
0.898099876428387,117,22297
0.9530306770429224,109,20464
0.9598634974017333,195,24673
0.950210403350705,145,25213
0.9576692285210733,59,20064
0.9528780838925771,89,22227
0.9619179502278746,133,21770
0.9419280078368173,165,24760
0.9605179519380773,133,21704
0.9593700423169016,165,25629
0.9321036304067567,162,23489
0.9605682561309687,70,16442
0.966293617212023,94,15603
0.9590341821643207,69,19965
0.9462238098278853,68,18746
0.9684184041001203,78,25090
