0.9535565524381663,131,22822
0.8813825039540574,87,22101
0.9517243382885091,54,19209
0.9229247778023452,57,18223
0.9188822311783484,71,20484
0.9137406386634203,22,19557
0.9586832057459604,128,22218
0.9285115261736389,44,21231
0.9478605199541764,49,19668
0.9150266411093477,97,21575
0.8481905188906385,78,21858
0.9637849257850519,52,17859
0.8816260936190669,37,21555
0.9502467143212934,18,20350
0.93996948298094,54,19740
0.9539239172246068,21,23960
0.91463999331723,46,19445
0.9425439222619726,57,20072
0.9017300325634632,100,21732
0.8991931535639892,60,22760
0.9657237969271902,24,17254
0.9569706786605454,73,19842
0.9145505822401535,82,22156
0.944648302209255,106,21796
0.943738053491869,59,20118
0.8354064734765838,48,19851
0.9200217116387861,51,19437
0.9542264911373276,112,19033
0.7809139789978139,65,20217
0.9657372599754509,55,19147
