0.13037038542706425,29,20118
0.13284566526438812,30,21055
0.07686543729629947,51,22254
0.11844649419498621,15,20239
0.09102459327364765,19,22064
0.03165522416572453,35,21076
0.2406674388751605,85,22457
0.09296789334205713,41,21871
0.05986430758356864,25,21788
0.07172102960451066,29,22453
0.07584286676077134,55,23808
0.1119220571798134,39,22405
0.047997123824664145,22,19347
0.06220290078878743,28,22661
0.073665679460447,29,21155
0.07123256332517236,37,22132
0.08679957324983667,24,21450
0.14692829515834405,62,22765
0.08387438620603638,47,21768
0.0463221494067807,71,23640
0.09041141657467822,49,21119
0.0941737760281286,37,21935
0.12588407781138966,23,19817
0.06649734515504091,19,23953
0.07902446662253826,35,22477
0.09411622276271914,30,22060
0.2329249918721178,25,21189
0.03274130810311138,29,22200
0.07458071284378809,32,22424
0.13990473596737307,33,23353
