0.777395549917442,54,12829
0.9200875434395454,58,17971
0.8319216175187493,130,14868
0.9588897658194283,20,10804
0.49822575788303636,71,20214
0.3843482757186317,107,15226
0.0115064244989872,46,13589
0.8906541461301544,119,13840
0.8528733266428313,39,11724
0.8352516721314293,40,11173
0.5905292087068188,97,10441
0.7894745470068393,23,9670
0.9270320428538004,43,10293
0.9577425242485716,141,17947
0.866131576984838,87,16243
0.9681146190523173,21,11392
0.1827669158393569,26,12286
0.9376466266214467,59,12869
1.3509248866228063E-6,108,14919
0.939897693388469,73,12057
0.0,20,10752
0.9427866922076586,32,10857
0.02053095740545563,119,13070
0.8943447153956334,138,15039
0.8193628161816882,39,11195
0.647346088405551,76,16623
0.9579606300728548,135,16654
0.33328550244967803,45,16214
0.9118088270540822,91,13389
0.9030274451568862,100,17799
