0.3273729061744024,109,20355
0.45535667652005973,22,20207
0.3850922322139062,28,18589
0.3918107786638255,52,20939
0.39763108391751745,75,18394
0.3774924932196311,59,19192
0.3976288825861104,23,20118
0.2703187765021421,54,19970
0.36592926177263085,29,19612
0.38315315532945715,19,21118
0.3967255762784241,40,18991
0.4509067447442986,39,20407
0.3619087725378315,59,18297
0.39598966432893157,38,18277
0.39689494132496117,41,20553
0.39362787941858557,41,22389
0.3489082250335924,63,20201
0.1845491729567681,50,19686
0.39151088667247347,50,19504
0.42304701104795583,27,18945
0.28766916989824853,26,17937
0.38299168758153235,49,18169
0.33395704692049366,31,20845
0.42562311153083854,49,19761
0.25933580847249016,42,20563
0.4072913431613997,17,18804
0.3865121796419594,44,17232
0.4313319596673355,36,18130
0.22329354412601576,40,19100
0.3855656501009965,23,18905
