0.9555118206766726,109,22770
0.9395962735730997,102,22765
0.9488080480163882,33,20385
0.9540448346201814,67,19802
0.9565536250849683,198,29010
0.9270552688992364,118,22988
0.8022163626981199,63,21952
0.9524810598216327,113,27689
0.9142980058274012,101,22437
0.9074579308041427,186,24043
0.9569437529935483,122,23053
0.9159816016480502,90,20813
0.9667286853878032,146,25770
0.9547466194446431,78,20312
0.9594252152135059,197,27260
0.9455297882568994,163,23143
0.9091489089471325,83,20406
0.9416628891571491,108,24368
0.9484255961248486,73,21986
0.9532580812462611,157,27833
0.9528441399537132,265,27098
0.926270253046642,142,24966
0.9547845843793129,230,29503
0.9481197580603411,84,20923
0.9327585436383797,91,20177
0.9195776201189216,91,20471
0.924260848601542,72,24273
0.9533841328726759,105,18833
0.9528081675130784,78,24630
0.9331101213935479,242,32616
