0.9692697759619262,63,15108
0.9832330578191718,62,17333
0.9703209370972434,146,19694
0.9969849060372074,29,12442
0.9879523262228421,25,15236
0.9709672158227217,196,20335
0.9821399415566239,142,15812
0.9774203384638409,63,12906
0.9847670683627866,113,19362
0.9870033048815341,49,12534
0.9818401775035711,99,19305
0.9882030959404132,65,19823
0.9891276666622837,22,11548
0.9797795290519655,120,16887
0.9749245167451934,144,17208
0.9760946918874404,167,24015
0.9867765333929457,78,14863
0.9866240203462286,39,12761
0.978862950411424,133,19784
0.9968712116266988,51,13343
0.9743884472003113,92,16015
0.9778200707396557,252,21891
0.9892826635125161,50,15199
0.9871311127418944,83,15024
0.957874847842533,79,17183
0.9805567749755226,47,16675
0.9704816604430697,120,21624
0.9838788507900673,194,23607
0.9712447168236589,148,17840
0.983152898136076,46,13161
