0.7022325399962525,39,39609
0.6127250556693749,139,82629
0.3529125933623335,33,35301
0.5487891356819137,86,66680
0.5048995308025741,62,37294
0.4553695814627118,45,43884
0.4229100137778663,50,43240
0.431153261841677,69,69755
0.6328150157318202,153,36983
0.7166455537911298,42,38170
0.5025282887264871,76,34146
0.6666103889791464,17,40832
0.37092899585730077,103,43638
0.40973706573482416,104,42050
0.5183534162086536,57,65321
0.510394329445667,9,33717
0.48817271582661903,91,43634
0.5912544014795231,32,39090
0.4681593262337357,93,37994
0.6055102018889371,36,40916
0.6279092257491484,42,40917
0.41502158061282646,151,41495
0.72268963244235,60,47637
0.37778687057489324,35,54490
0.31883848444754925,24,36445
0.48336160106723347,92,34610
0.42338472654534565,71,35172
0.21509466664445442,66,32272
0.510394329445667,7,41315
0.5896042831410386,83,43472
