0.30414100652779363,29,14544
0.43194585567686894,83,17669
0.3580678254085965,39,14716
0.474403098283236,42,16028
0.37228184473037984,28,17815
0.35648935771575585,75,18059
0.2984870625933418,51,16105
0.22771193895098374,76,16654
0.5062504978454647,96,17827
0.35704864309333373,88,17487
0.21271047750412442,58,15771
0.0,27,15546
0.3612145707593899,24,14422
0.18994799408134966,36,14923
0.07755205398847242,36,16614
0.29724447243611474,83,16490
0.3941839157986399,32,14929
0.0,28,15612
0.17619282401372915,61,16093
0.22432347033434896,54,15735
0.20149023129428034,29,15292
0.25435670374017627,29,14630
0.23486810541002479,23,15767
0.31586429028314966,25,14438
0.33461508423272834,32,15673
0.3540821889254918,34,16632
0.3613414190459794,28,16714
0.0630819698047409,91,16728
0.41998306662240614,77,16379
0.4553278397128503,27,15063
