0.9266573233958995,19,20084
0.8873275007608807,59,19764
0.03325549665850991,27,19179
0.8654097692061975,78,21895
0.825892985202596,152,28786
0.8288346824711131,149,28291
0.8597394356721968,69,22376
0.8646769775603087,106,24802
0.7598246020926561,77,27504
0.826606018269291,71,25737
0.8858424668199057,45,19703
0.8414608573740452,60,21258
0.9098174953521191,111,20950
0.9132495833964478,275,27237
0.8517895901672716,175,24009
0.9098620629586348,54,21415
0.881374236973581,30,24481
0.27556009582707763,35,24730
0.9273447334608836,70,21855
0.8850003980424193,118,24698
0.0026266235959171436,28,20316
0.899691927117765,47,20543
0.8480007368543511,59,22821
0.9064236851984784,106,25396
0.9146241476188829,118,25977
0.8816396669982871,111,27235
0.8961646892045894,122,29007
0.892783518714953,66,25283
0.8161905792737998,75,20718
0.9011833738039975,64,20814
