0.1387574883096827,32,18919
0.8872842493065225,38,17601
0.9291098649856747,84,22300
0.3856639137978751,34,17420
0.8694323630752948,72,21137
0.0,39,17488
0.15852752785280055,24,16525
0.6525856205847089,109,22234
0.28315141022914014,31,17429
0.08845699471421287,24,15316
0.8964529619104236,85,27039
0.8879223641370266,202,23317
0.1152754794117441,24,18163
0.20840899817015968,23,18300
0.9684375327895601,24,16500
0.6023237726593305,52,18420
0.8032971263656746,155,24401
0.8409738695317079,27,16237
0.5336147696959161,60,22218
0.8857587877262241,74,19426
0.2516629413940523,41,16189
0.969088978923672,127,20124
0.9591830399350669,32,15965
0.10153561467561012,23,26933
0.5151277711050049,78,20555
0.09727520695036584,59,18650
1.0658141036401503E-14,65,19004
0.953035633512337,27,15756
0.27256534070667904,127,24413
0.9381080637272114,20,21365
