0.9969845444837665,16,18999
0.9759479174819997,81,19866
0.986951514300804,90,19710
0.9920549609994573,40,17636
0.9831710153972011,47,18127
0.9941265273516877,91,17522
0.9866365293627086,98,20187
0.9430946442535795,136,21923
0.9962062664028236,22,16684
0.9779158893551868,149,21334
0.98646442395777,44,18399
0.9853567175500494,28,17573
0.975350321760607,194,21361
0.9854392288018813,43,18116
0.9798144747828155,56,21575
0.9772527231595574,54,19837
0.9863066064594209,150,20729
0.9896332391871354,40,18530
0.9906752875565689,63,19809
0.9926979291844809,67,20332
0.981940446137264,148,21225
0.9830628951721931,63,20782
0.9751687431045177,93,20173
0.9771779330259579,147,21287
0.9806564408036347,137,20564
0.9422311746674081,71,19927
0.9820758587321848,71,20403
0.9867521543784968,100,21289
0.9809359125789124,63,19918
0.9839595596640658,112,20836
