0.9819361924201586,24,7156
0.9903084465561642,50,8639
0.981762005231512,31,7168
0.9827491299855367,31,8234
0.968898497287117,95,8918
0.9353136321363756,35,7497
0.98604549935034,66,7867
0.9803255280206392,72,8156
0.9707486882186975,44,7983
0.9870031109109911,30,6921
0.9755091970503661,30,6886
0.9797249825130209,27,7592
0.9809096469267846,43,7353
0.9733656090263614,27,7702
0.9753503833708744,34,7376
0.9699022793542192,85,8335
0.9652680102935483,45,8017
0.9825150839080273,32,6871
0.9723033835424351,41,7832
0.978932290333913,23,5973
0.9735315784816344,38,7280
0.9802267083093009,21,6352
0.9786031489664941,39,6922
0.9476567464849412,54,7738
0.981973546274728,41,7552
0.9777644687013447,58,7743
0.9760427823325967,24,6900
0.9778326612251591,42,8331
0.9827595169402177,24,7297
0.8067121304075607,31,7243
