0.9853060788887005,21,5543
0.9910260420782497,54,7590
0.9912335909382077,34,7623
0.9922111974825649,146,8054
0.9845029476987086,35,6670
0.9943881200154873,51,8525
0.9830339954596284,50,7992
0.9945906781732627,14,5332
0.9921879856167916,81,8466
0.9884828697552314,29,7553
0.9910673089264387,37,6243
0.9830090893387476,41,8182
0.9897703947558643,22,5624
0.986318847992916,69,8876
0.9853453816025138,23,7680
0.9924172214497934,11,6959
0.99171729906214,56,9146
0.9872300146747752,29,7361
0.9871382993911236,51,10182
0.9908522140491052,77,8896
0.9872817309021261,27,7359
0.9917820318309442,47,7786
0.966034799111039,57,8800
0.9840987321319992,28,6794
0.9895235651526414,57,7213
0.9910691921605506,25,7270
0.9971448254365655,71,8583
0.9887472063266841,22,7988
0.9909462189764162,23,7125
0.9905390289548653,30,8351
