0.8928883328586786,22,6674
0.8276776470067901,31,6351
0.7102358860486329,31,6522
0.8958143221881654,52,5603
0.7093455413559226,15,6136
0.6186754585069417,50,7627
0.7619484112349728,16,6189
0.7218925859887175,34,6791
0.8942797715904426,19,6082
0.8363729732793377,10,5787
0.9070919659783296,7,6441
0.8067126957698245,26,5906
0.7481425301886985,17,5880
0.8550687967977846,31,6825
0.7472576750346291,24,6882
0.8302560331588092,12,4641
0.7243160793060908,14,6262
0.8928306670769205,36,6581
0.8860865483938559,35,6693
0.892015454243326,47,6584
0.7656604724022199,60,7119
0.8339447840969354,33,6219
0.7481425301886986,14,6652
0.7355227498013337,16,6084
0.72168768287809,23,5915
0.6870346614604845,36,6674
0.8234167976181096,31,6434
0.7263818635097232,25,5556
0.8644514034603352,20,6300
0.8678243678665001,24,6667
