0.9031958170516459,65,7514
0.05299694795431231,28,7290
0.838653779574043,50,7998
0.8943383802570554,18,7387
0.8712574587596449,47,8315
0.9152162445971771,69,8396
0.8884128397862883,59,8815
0.9289628276805239,34,7694
0.9118200250822873,43,7719
0.9052536370413287,18,7099
0.9679829242666932,72,8182
0.7931724755943126,42,7586
0.9249031330262968,22,6747
0.8892731867233798,28,6744
0.9324973140141368,25,6833
0.8754295416022759,43,7273
0.9079724259652647,43,7240
0.876707631351125,55,7833
0.8839521548872528,54,7856
0.9101468443405828,34,6642
0.8829225609771715,30,7398
0.8792117521645212,58,7888
0.7815590604254199,72,10143
0.8904550296097895,30,6917
0.8803902456279518,37,8053
0.9187994818222134,184,9164
0.8180065375197092,112,10007
0.8362915764605408,68,7529
0.9077678871615111,56,6808
0.8651259029835677,76,7824
