0.3238495336244732,65,9432
0.17817290914643946,100,11970
0.37092405642280557,28,7690
0.3470116058493984,24,7583
0.36353912687213674,42,8053
0.3773397482320998,39,8995
0.35827938510237434,39,7814
0.6037960483203945,32,15690
0.036625903303304175,37,7914
0.23991039155927651,36,9496
0.3424519591762514,69,8593
0.3189175172709291,50,9499
0.39462136229539635,19,8125
0.3828891542120072,41,8182
0.32656900211000983,30,7819
0.36159069173833736,30,9952
0.24589910270248494,60,8104
0.5785103882854792,75,19812
0.35683939191081704,60,8340
0.1363463216225329,43,7833
0.40973094594599535,12,11356
0.3019054169676,52,8501
0.3662788551250813,33,8382
0.39148959087936397,17,8349
0.37716597004604113,123,10778
0.28873030417244816,48,10401
0.5062572914757288,46,8244
0.3611548171747404,28,8665
0.35817422248970965,15,7771
0.12186464266165276,52,8441
