0.9575438078201998,41,7826
0.9320591953427513,19,6995
0.004207242763636265,46,8217
0.08520417325154395,24,6976
0.6660013213468521,28,7955
0.002370524503913285,35,7789
0.7021153582492907,48,7585
0.9005743128036355,24,8290
0.7209381385523003,40,8001
0.013549068148401178,37,6774
0.9375299558436473,31,7548
0.31749568565963693,20,6577
0.8478035943760849,22,5345
0.22055577164854523,16,8141
0.8292218773941722,31,7490
0.1952381093360066,23,6940
0.4199339536947989,58,8220
0.35943190402826464,20,6945
0.9195883029112492,22,6936
0.4286032657071349,95,11598
0.9664414149137488,22,7556
0.21577000965528914,23,7090
0.7053330126323383,50,8028
0.0,20,6058
0.048493447352648045,24,8009
0.9432765812358661,28,7567
0.9437159917515211,36,6443
0.9354170858428877,19,6999
0.8591727277287181,25,7083
0.7904670384770753,27,6761
