0.9404562177538326,46,7812
0.95886978052025,46,6328
0.871779952719131,51,8382
0.961893538409267,27,7824
0.9486562247447952,37,7611
0.770912098801624,40,7262
0.763838207068163,78,7792
0.8497389797100948,32,6770
0.9509080194526828,130,9230
0.8715344031973856,39,7410
0.9317456113865853,17,7481
0.8174372267291875,56,8087
0.8158793214379231,55,7954
0.9462721728668821,34,8362
0.827628784340792,70,8094
0.8667008901960133,48,6478
0.8729327478527247,33,5878
0.8665513785472245,64,7713
0.9526452329676791,60,8734
0.8558412821523034,34,6897
0.8281472771577795,37,7406
0.9592376519291168,45,7237
0.7675527137863759,54,8390
0.8139900895675072,77,9079
0.8616194252435881,23,7153
0.9551689214314767,50,7464
0.8377586441000104,40,6910
0.676694989759776,75,8354
0.9181907929029133,55,7995
0.8310601556651049,59,8867
