0.4366234171066591,29,7998
0.5865484524335247,27,9679
0.7781761154808545,46,8175
0.5053211871974282,63,8580
0.3176277872439247,40,8141
0.4051202587867535,25,7488
0.7788943698633066,18,8869
0.7079210047655626,29,8195
0.7255684718090132,17,7377
0.7549387005720165,14,8591
0.688143953488898,139,12285
0.7278823271099486,18,7485
0.5720352338130151,30,7556
0.6975697797960112,177,13564
0.7777072312022327,22,8070
0.6694475784493701,30,10886
0.4315093512069269,41,12544
0.7005351161858313,25,8927
0.3704488236486341,37,8836
0.7622516393070007,44,7771
0.7386327287037049,55,8627
0.5995087865850128,61,8128
0.6534786935655381,52,8888
0.7129738174594864,31,7875
0.7084122691558269,26,8187
0.2663309764411981,31,7341
0.5134253916735259,201,12283
0.5700085163555397,46,8401
0.28976473960499094,68,8898
0.5456271279122635,21,7991
