0.08206060068152843,20,8159
0.09168155088250807,21,7688
0.2656414468462236,32,7984
0.1191022345175573,29,8399
0.21535082284366203,22,7925
0.08206060068152843,20,7428
0.08475849691113901,28,7993
0.05936400459258484,47,8700
0.07419597540800582,24,9538
0.026764705549365164,30,8466
0.1040048597380181,23,8173
0.16288166920183422,24,7931
0.25268141983208026,21,7947
0.0628033963050465,20,7798
0.03283238909432107,31,7984
0.020452429081090795,43,9002
0.07362879040977333,25,7473
0.21202923424254883,27,8268
0.09651107821956983,31,8474
0.054945868401904296,43,8303
0.054731751756293745,15,8504
0.12364479095840497,32,8075
0.13748125654487908,27,7742
0.06413391118903022,28,8287
0.10918158259365929,25,10524
0.06512415702285645,40,8559
0.2306812419897657,28,8037
0.04797159689262942,28,7933
0.11485712209337529,32,7940
0.28782280582797204,32,8548
