0.07043593385354507,42,6758
0.0,8,8203
0.0,8,6215
0.0,8,5121
0.0,8,6504
0.28326520399368194,25,6345
0.34308847766655015,17,8134
0.0,8,7408
0.0,11,6460
0.28166375727641324,58,9100
0.0,8,6379
0.38406552603974187,20,5074
0.0,8,6418
0.0,8,5362
0.0,8,7126
0.0,8,7278
0.0,8,6312
0.2583050959798673,32,7253
0.0,8,5856
0.2953251701879769,24,6329
0.32170913258248157,18,5244
0.0,8,6644
0.3655986301421216,33,8199
0.16018722516908168,30,6427
0.41075151967520207,47,7980
0.0,8,7093
0.0,8,7422
0.0,8,7038
0.0,8,6590
0.0,8,7600
