0.3950167355683535,30,7000
0.36798593798730717,27,5419
0.3976703330500042,18,6766
0.3736036257018669,30,6373
0.2908564318197292,33,7048
0.38777611312642035,20,7005
0.3776365857997097,15,6644
0.34710167196490627,29,6624
0.3699346454331385,19,6648
0.3495403386532012,28,7409
0.3797643096926626,15,7222
0.38139005841877616,30,6522
0.4676360471311426,9,6428
0.3840780990954453,18,6477
0.34614333754133775,19,7046
0.3593503539698959,38,7382
0.4657201254779151,10,5637
0.4139201869733714,18,6847
0.3727080308729821,27,6856
0.3759746007278373,35,7248
0.35257454533874866,24,6847
0.3177734128488072,22,6554
0.40004883533723756,18,6687
0.36778386156884124,19,7087
0.40537197863755037,19,6940
0.35617212068625714,25,6894
0.3374623682854556,28,5452
0.4615222141595856,21,7438
0.4113077096022394,19,6733
0.3986331310611205,21,7020
