0.03538371073004454,15,7380
0.4078386624332231,13,6981
0.018117259420407317,20,7823
0.4078386624332231,13,7242
0.021370541450740355,17,7078
0.01562178486447896,24,7326
0.40783866243322264,15,7261
0.013588720643954888,35,8806
0.023725280234238144,18,7050
0.033157512276311696,21,7542
0.01562997731791671,18,7804
0.03590654026405926,30,8098
0.07874987839133873,47,8385
0.3819770878815688,11,7597
0.022949015169093534,29,8558
0.015550051178884305,16,8280
0.021832970883212566,22,8105
0.09304119445736447,19,7836
0.04367887648135349,16,8190
0.10706722849135031,9,7912
0.4078386624332231,13,7511
0.014576420069373097,25,7862
0.01984567517391722,14,6900
0.01148595726796553,23,7868
0.10706722849135031,9,8082
0.10706722849135031,9,7736
0.014881332284284454,19,6941
0.06209200300189588,29,8412
0.06186776243949099,29,7755
0.24562559113079407,8,7610
