1.5543122344752192E-15,21,7955
0.27949024921469134,33,7781
0.2794155252051148,17,8087
0.5524613389544297,33,8015
0.30007370525817667,23,7995
0.1537674368492722,46,8648
0.37664205346008794,15,8278
0.1639417967692588,36,8614
0.30673085789027277,30,8489
0.37664205346008794,15,7606
0.3041679824431124,42,8408
0.2794155252051148,17,8404
0.35251428451844435,33,8010
0.2528615550882751,31,7897
0.37664205346008794,15,7542
0.2811096042375464,24,8589
1.3322676295501878E-15,22,8094
1.5543122344752192E-15,21,8276
0.13480212168553174,44,8205
0.4304842289457218,23,7779
1.5543122344752192E-15,19,8266
0.2951292753457674,36,8527
0.293389981908899,31,8722
0.2402001609559652,24,7751
0.24132056463380502,34,8105
0.3745929642691732,24,7962
0.24428041679111823,36,8176
0.27685264172855606,28,7582
0.1214935784275557,26,8407
0.11572115778042769,37,8233
