0.35593207286065476,35,8232
0.0,17,8026
0.33732464561898534,21,7649
0.0,19,7337
0.0,15,7900
0.0,15,8602
0.0,17,8996
0.2834113768804556,19,7919
0.40324916105224506,15,8124
0.0,15,7546
0.26611977789904384,23,8275
0.3105245561118445,54,7555
0.0,15,8368
0.21075729825671485,57,8148
0.29698561338921925,23,7642
0.4379504734492432,11,8988
0.0,15,8404
0.1578829501463469,40,8492
0.4379504734492432,11,8287
0.0,17,8307
0.04085800968904052,45,8422
0.2176641412601089,20,8301
0.0,15,8319
0.24462563228030287,25,7252
0.0,17,7949
0.2945589589514158,41,7815
0.08994722176083791,32,8043
0.4379504734492432,11,9361
0.24235102168957234,25,7942
0.3766768628395071,36,8403
