0.13121739944558952,55,8479
0.2414249269061126,48,8904
0.018754982133311615,32,8163
0.18079833669965217,14,8221
0.01608776759937114,20,12919
0.17834858065952874,35,8360
0.10308539749356138,14,9347
0.03883343722739019,47,8652
0.07616302271909303,50,8281
0.10308539749356138,14,8909
0.01988173882493527,59,7850
0.1259733373961872,39,8212
0.10308539749356194,12,8651
0.02381237894248056,20,8927
0.031888419045012495,56,8920
0.05985075600323131,58,10285
0.10308539749356138,14,8737
0.03838851938228505,50,8551
0.058754480631635686,81,11455
0.125201636657166,25,8063
0.18613223319713823,23,8321
0.038882612483981505,25,7802
0.0643455463577528,18,8235
0.04442783146748397,25,8605
0.21894715110767027,25,7985
0.0383835607842713,35,8361
0.10308539749356194,12,8016
0.3814498309810811,27,7914
0.10308539749356194,12,7682
0.10308539749356194,12,7773
